xof 0303txt 0032
template ColorRGBA {
 <35ff44e0-6c7c-11cf-8f52-0040333594a3>
 FLOAT red;
 FLOAT green;
 FLOAT blue;
 FLOAT alpha;
}

template ColorRGB {
 <d3e16e81-7835-11cf-8f52-0040333594a3>
 FLOAT red;
 FLOAT green;
 FLOAT blue;
}

template Material {
 <3d82ab4d-62da-11cf-ab39-0020af71e433>
 ColorRGBA faceColor;
 FLOAT power;
 ColorRGB specularColor;
 ColorRGB emissiveColor;
 [...]
}

template TextureFilename {
 <a42790e1-7810-11cf-8f52-0040333594a3>
 STRING filename;
}

template Frame {
 <3d82ab46-62da-11cf-ab39-0020af71e433>
 [...]
}

template Matrix4x4 {
 <f6f23f45-7686-11cf-8f52-0040333594a3>
 array FLOAT matrix[16];
}

template FrameTransformMatrix {
 <f6f23f41-7686-11cf-8f52-0040333594a3>
 Matrix4x4 frameMatrix;
}

template Vector {
 <3d82ab5e-62da-11cf-ab39-0020af71e433>
 FLOAT x;
 FLOAT y;
 FLOAT z;
}

template MeshFace {
 <3d82ab5f-62da-11cf-ab39-0020af71e433>
 DWORD nFaceVertexIndices;
 array DWORD faceVertexIndices[nFaceVertexIndices];
}

template Mesh {
 <3d82ab44-62da-11cf-ab39-0020af71e433>
 DWORD nVertices;
 array Vector vertices[nVertices];
 DWORD nFaces;
 array MeshFace faces[nFaces];
 [...]
}

template MeshNormals {
 <f6f23f43-7686-11cf-8f52-0040333594a3>
 DWORD nNormals;
 array Vector normals[nNormals];
 DWORD nFaceNormals;
 array MeshFace faceNormals[nFaceNormals];
}

template MeshMaterialList {
 <f6f23f42-7686-11cf-8f52-0040333594a3>
 DWORD nMaterials;
 DWORD nFaceIndexes;
 array DWORD faceIndexes[nFaceIndexes];
 [Material <3d82ab4d-62da-11cf-ab39-0020af71e433>]
}

template Coords2d {
 <f6f23f44-7686-11cf-8f52-0040333594a3>
 FLOAT u;
 FLOAT v;
}

template MeshTextureCoords {
 <f6f23f40-7686-11cf-8f52-0040333594a3>
 DWORD nTextureCoords;
 array Coords2d textureCoords[nTextureCoords];
}

template XSkinMeshHeader {
 <3cf169ce-ff7c-44ab-93c0-f78f62d172e2>
 WORD nMaxSkinWeightsPerVertex;
 WORD nMaxSkinWeightsPerFace;
 WORD nBones;
}

template SkinWeights {
 <6f0d123b-bad2-4167-a0d0-80224f25fabb>
 STRING transformNodeName;
 DWORD nWeights;
 array DWORD vertexIndices[nWeights];
 array FLOAT weights[nWeights];
 Matrix4x4 matrixOffset;
}

template AnimTicksPerSecond {
 <9e415a43-7ba6-4a73-8743-b73d47e88476>
 DWORD AnimTicksPerSecond;
}

template Animation {
 <3d82ab4f-62da-11cf-ab39-0020af71e433>
 [...]
}

template AnimationSet {
 <3d82ab50-62da-11cf-ab39-0020af71e433>
 [Animation <3d82ab4f-62da-11cf-ab39-0020af71e433>]
}

template FloatKeys {
 <10dd46a9-775b-11cf-8f52-0040333594a3>
 DWORD nValues;
 array FLOAT values[nValues];
}

template TimedFloatKeys {
 <f406b180-7b3b-11cf-8f52-0040333594a3>
 DWORD time;
 FloatKeys tfkeys;
}

template AnimationKey {
 <10dd46a8-775b-11cf-8f52-0040333594a3>
 DWORD keyType;
 DWORD nKeys;
 array TimedFloatKeys keys[nKeys];
}


Material M_Legionnaire {
 1.000000;1.000000;1.000000;1.000000;;
 10.000000;
 0.000000;0.000000;0.000000;;
 0.000000;0.000000;0.000000;;

 TextureFilename {
  "Legionnaire_Body0_D.png";
 }
}

Frame Legio {
 

 FrameTransformMatrix {
  -0.954627,0.077843,-0.287453,0.000000,0.059197,0.995573,0.073014,0.000000,0.291864,0.052685,-0.955008,0.000000,3.227084,68.107962,26.615173,1.000000;;
 }

 Frame Legio-Pelvis {
  

  FrameTransformMatrix {
   0.000001,1.000000,0.000000,0.000000,-0.000001,0.000000,1.000000,0.000000,1.000000,-0.000002,0.000001,0.000000,0.000000,0.000000,0.000000,1.000000;;
  }

  Frame Legio-Spine {
   

   FrameTransformMatrix {
    0.989857,0.009845,0.141728,0.000000,-0.000057,0.997623,-0.068902,0.000000,-0.142069,0.068195,0.987505,0.000000,8.762329,0.000013,-0.528636,1.000000;;
   }

   Frame Legio-Spine1 {
    

    FrameTransformMatrix {
     0.978627,0.176271,0.105917,0.000000,-0.175431,0.984340,-0.017276,0.000000,-0.107304,-0.001674,0.994225,0.000000,15.454734,0.000000,-0.012238,1.000000;;
    }

    Frame Legio-Spine2 {
     

     FrameTransformMatrix {
      0.956416,0.139481,0.256541,0.000000,-0.185014,0.969153,0.162828,0.000000,-0.225916,-0.203196,0.952719,0.000000,15.456077,0.000008,-0.012310,1.000000;;
     }

     Frame Legio-Neck {
      

      FrameTransformMatrix {
       0.982830,0.070433,0.170539,0.000000,-0.041280,0.984782,-0.168820,0.000000,-0.179835,0.158881,0.970781,0.000000,21.099786,0.000000,-0.458916,1.000000;;
      }

      Frame Legio-Head {
       

       FrameTransformMatrix {
        0.820250,-0.269513,-0.504532,0.000000,-0.384952,0.392310,-0.835407,0.000000,0.423086,0.879464,0.218043,0.000000,9.609291,0.000008,0.000000,1.000000;;
       }
      }
     }

     Frame Legio-L-Clavicle {
      

      FrameTransformMatrix {
       -0.099539,0.748317,-0.655830,0.000000,0.995034,0.074462,-0.066060,0.000000,-0.000600,-0.659149,-0.752012,0.000000,14.949944,2.949574,0.492977,1.000000;;
      }

      Frame Legio-L-UpperArm {
       

       FrameTransformMatrix {
        0.938197,-0.245474,-0.243983,0.000000,0.345831,0.637083,0.688858,0.000000,-0.013659,-0.730662,0.682603,0.000000,14.747426,0.000023,0.000000,1.000000;;
       }

       Frame Legio-L-Forearm {
        

        FrameTransformMatrix {
         0.217353,-0.000000,-0.976093,0.000000,0.000000,1.000000,-0.000000,0.000000,0.976093,-0.000000,0.217353,0.000000,30.979763,-0.000015,0.000010,1.000000;;
        }

        Frame Legio-L-Hand {
         

         FrameTransformMatrix {
          0.989004,-0.130301,-0.069954,0.000000,0.110420,0.335928,0.935393,0.000000,-0.098383,-0.932831,0.346622,0.000000,27.446349,-0.000015,0.000004,1.000000;;
         }

         Frame Legio-L-Finger0 {
          

          FrameTransformMatrix {
           0.424329,-0.778985,0.461657,0.000000,0.857208,0.181282,-0.482008,0.000000,0.291787,0.600266,0.744675,0.000000,6.359642,-0.297869,-0.790482,1.000000;;
          }

          Frame Legio-L-Finger01 {
           

           FrameTransformMatrix {
            0.775260,-0.000000,0.631642,0.000000,0.000000,1.000000,0.000000,0.000000,-0.631642,0.000000,0.775260,0.000000,6.408050,-0.000015,0.000008,1.000000;;
           }

           Frame Legio-L-Finger02 {
            

            FrameTransformMatrix {
             0.392191,-0.000000,0.919884,0.000000,-0.000000,1.000000,0.000000,0.000000,-0.919884,-0.000000,0.392191,0.000000,5.189652,0.000015,-0.000004,1.000000;;
            }
           }
          }
         }

         Frame Legio-L-Finger1 {
          

          FrameTransformMatrix {
           0.856067,0.152302,0.493917,0.000000,-0.054717,0.976935,-0.206405,0.000000,-0.513961,0.149671,0.844655,0.000000,14.164250,-2.924028,1.106895,1.000000;;
          }

          Frame Legio-L-Finger11 {
           

           FrameTransformMatrix {
            0.452543,0.000000,0.891743,0.000000,-0.000002,1.000000,0.000001,0.000000,-0.891743,-0.000002,0.452543,0.000000,5.481625,0.000004,-0.000008,1.000000;;
           }

           Frame Legio-L-Finger12 {
            

            FrameTransformMatrix {
             0.962441,0.000000,0.271491,0.000000,0.000000,1.000000,-0.000003,0.000000,-0.271491,0.000003,0.962441,0.000000,3.364418,0.000000,0.000000,1.000000;;
            }
           }
          }
         }

         Frame Legio-L-Finger2 {
          

          FrameTransformMatrix {
           0.587401,0.240928,0.772602,0.000000,-0.404712,0.914164,0.022625,0.000000,-0.700834,-0.325971,0.634488,0.000000,15.252461,1.266281,0.439209,1.000000;;
          }

          Frame Legio-L-Finger21 {
           

           FrameTransformMatrix {
            0.306539,0.000000,0.951859,0.000000,0.000000,1.000000,-0.000000,0.000000,-0.951859,0.000000,0.306539,0.000000,6.362606,0.000000,0.000015,1.000000;;
           }

           Frame Legio-L-Finger22 {
            

            FrameTransformMatrix {
             0.863320,0.000000,0.504658,0.000000,-0.000000,1.000000,0.000000,0.000000,-0.504657,-0.000000,0.863320,0.000000,3.456589,0.000000,-0.000008,1.000000;;
            }
           }
          }
         }

         Frame Legio-L-Finger3 {
          

          FrameTransformMatrix {
           0.407474,0.193122,0.892563,0.000000,-0.753403,0.623443,0.209052,0.000000,-0.516090,-0.757643,0.399535,0.000000,13.313648,5.243755,0.249100,1.000000;;
          }

          Frame Legio-L-Finger31 {
           

           FrameTransformMatrix {
            0.431714,0.000000,0.902011,0.000000,0.000000,1.000000,-0.000001,0.000000,-0.902010,0.000000,0.431714,0.000000,5.347496,-0.000004,0.000008,1.000000;;
           }

           Frame Legio-L-Finger32 {
            

            FrameTransformMatrix {
             0.895329,0.000000,0.445405,0.000000,-0.000000,1.000000,-0.000000,0.000000,-0.445405,0.000000,0.895329,0.000000,3.306999,0.000004,0.000011,1.000000;;
            }
           }
          }
         }
        }

        Frame Root_Shield {
         

         FrameTransformMatrix {
          -0.966285,-0.137725,0.217543,0.000000,0.067683,0.679324,0.730711,0.000000,-0.248419,0.720799,-0.647100,0.000000,13.517979,1.555138,5.349537,1.000000;;
         }
        }
       }
      }

      Frame Legio-LUpArmTwist {
       

       FrameTransformMatrix {
        0.938197,-0.245474,-0.243983,0.000000,0.345831,0.637083,0.688858,0.000000,-0.013659,-0.730662,0.682603,0.000000,14.747426,0.000023,0.000000,1.000000;;
       }

       Frame Legio-LUpArmTwist1 {
        

        FrameTransformMatrix {
         1.000000,0.000000,-0.000000,0.000000,-0.000000,1.000000,0.000000,0.000000,-0.000000,-0.000000,1.000000,0.000000,15.489883,0.000000,0.000006,1.000000;;
        }
       }
      }

      Frame Legio-ShoulderArmor_L {
       

       FrameTransformMatrix {
        -0.279324,0.537198,0.795862,0.000000,0.454801,-0.655961,0.602388,0.000000,0.845656,0.530220,-0.061093,0.000000,22.951794,8.062546,-0.769455,1.000000;;
       }
      }
     }

     Frame Legio-R-Clavicle {
      

      FrameTransformMatrix {
       0.291198,-0.951641,-0.097892,0.000000,-0.956663,-0.289754,-0.028974,0.000000,-0.000792,0.102087,-0.994776,0.000000,14.949944,-2.949585,0.492992,1.000000;;
      }

      Frame Legio-R-UpperArm {
       

       FrameTransformMatrix {
        0.998336,0.050748,-0.027372,0.000000,-0.043725,0.356893,-0.933121,0.000000,-0.037585,0.932766,0.358518,0.000000,14.747414,0.000000,-0.000004,1.000000;;
       }

       Frame Legio-R-Forearm {
        

        FrameTransformMatrix {
         -0.040475,0.000000,-0.999181,0.000000,-0.000000,1.000000,0.000000,0.000000,0.999181,0.000000,-0.040475,0.000000,30.979760,-0.000008,0.000008,1.000000;;
        }

        Frame Legio-R-Hand {
         

         FrameTransformMatrix {
          0.941657,0.256878,0.217477,0.000000,0.324566,-0.521982,-0.788791,0.000000,-0.089105,0.813356,-0.574901,0.000000,27.446336,0.000008,0.000000,1.000000;;
         }

         Frame Legio-R-Finger0 {
          

          FrameTransformMatrix {
           0.168838,0.865618,0.471380,0.000000,-0.924512,-0.026725,0.380215,0.000000,0.341719,-0.499992,0.795762,0.000000,6.359642,0.297863,-0.790482,1.000000;;
          }

          Frame Legio-R-Finger01 {
           

           FrameTransformMatrix {
            0.352194,-0.000000,0.935927,0.000000,0.000000,1.000000,0.000000,0.000000,-0.935927,0.000000,0.352194,0.000000,6.408050,0.000000,0.000015,1.000000;;
           }

           Frame Legio-R-Finger02 {
            

            FrameTransformMatrix {
             0.392191,0.000000,0.919884,0.000000,-0.000000,1.000000,-0.000000,0.000000,-0.919884,-0.000000,0.392191,0.000000,5.189652,0.000015,0.000004,1.000000;;
            }
           }
          }
         }

         Frame Legio-R-Finger1 {
          

          FrameTransformMatrix {
           0.155337,-0.212527,0.964729,0.000000,0.054718,0.976935,0.206406,0.000000,-0.986345,0.020725,0.163383,0.000000,14.164253,2.924023,1.106888,1.000000;;
          }

          Frame Legio-R-Finger11 {
           

           FrameTransformMatrix {
            -0.124099,-0.000000,0.992270,0.000000,-0.000000,1.000000,-0.000000,0.000000,-0.992270,-0.000000,-0.124099,0.000000,5.481621,0.000008,0.000008,1.000000;;
           }

           Frame Legio-R-Finger12 {
            

            FrameTransformMatrix {
             0.408130,0.000000,0.912924,0.000000,-0.000000,1.000000,-0.000000,0.000000,-0.912924,0.000000,0.408130,0.000000,3.364433,0.000000,0.000023,1.000000;;
            }
           }
          }
         }

         Frame Legio-R-Finger2 {
          

          FrameTransformMatrix {
           -0.103028,-0.073892,0.991930,0.000000,0.263552,0.959566,0.098856,0.000000,-0.959128,0.271610,-0.079388,0.000000,15.252472,-1.266281,0.439194,1.000000;;
          }

          Frame Legio-R-Finger21 {
           

           FrameTransformMatrix {
            0.102392,-0.000000,0.994744,0.000000,-0.000000,1.000000,0.000000,0.000000,-0.994744,-0.000000,0.102392,0.000000,6.362595,0.000002,0.000008,1.000000;;
           }

           Frame Legio-R-Finger22 {
            

            FrameTransformMatrix {
             0.100977,0.000000,0.994889,0.000000,-0.000000,1.000000,-0.000000,0.000000,-0.994889,-0.000000,0.100977,0.000000,3.456589,-0.000004,-0.000046,1.000000;;
            }
           }
          }
         }

         Frame Legio-R-Finger3 {
          

          FrameTransformMatrix {
           0.012834,0.108074,0.994060,0.000000,0.588427,0.802962,-0.094895,0.000000,-0.808448,0.586150,-0.053289,0.000000,13.313660,-5.243755,0.249100,1.000000;;
          }

          Frame Legio-R-Finger31 {
           

           FrameTransformMatrix {
            -0.018168,-0.000000,0.999835,0.000000,-0.000000,1.000000,0.000000,0.000000,-0.999835,-0.000000,-0.018168,0.000000,5.347519,0.000000,0.000008,1.000000;;
           }

           Frame Legio-R-Finger32 {
            

            FrameTransformMatrix {
             -0.047803,0.000000,0.998857,0.000000,-0.000000,1.000000,-0.000000,0.000000,-0.998857,-0.000000,-0.047803,0.000000,3.307007,-0.000008,-0.000031,1.000000;;
            }
           }
          }
         }

         Frame Root_Spear {
          

          FrameTransformMatrix {
           -0.425172,0.143200,-0.893713,0.000000,-0.882475,0.153869,0.444480,0.000000,0.201164,0.977660,0.060949,0.000000,12.389794,3.847076,4.247452,1.000000;;
          }
         }

         Frame Root_Gun {
          

          FrameTransformMatrix {
           -0.551314,-0.832294,-0.057794,0.000000,0.095607,-0.131843,0.986649,0.000000,-0.828802,0.538428,0.152260,0.000000,13.985008,4.714291,5.431976,1.000000;;
          }
         }

         Frame Root_SmallSword {
          

          FrameTransformMatrix {
           -0.982121,0.159134,-0.100570,0.000000,-0.127102,-0.166468,0.977821,0.000000,0.138863,0.973121,0.183718,0.000000,11.956505,-5.233418,2.161285,1.000000;;
          }
         }
        }
       }
      }

      Frame Legio-RUpArmTwist {
       

       FrameTransformMatrix {
        0.998336,0.050748,-0.027372,0.000000,-0.043725,0.356893,-0.933121,0.000000,-0.037585,0.932766,0.358518,0.000000,14.747414,0.000000,-0.000004,1.000000;;
       }

       Frame Legio-RUpArmTwist1 {
        

        FrameTransformMatrix {
         1.000000,-0.000000,0.000000,0.000000,-0.000000,1.000000,0.000000,0.000000,0.000000,-0.000000,1.000000,0.000000,15.489891,0.000000,0.000004,1.000000;;
        }
       }
      }

      Frame Legio-ShoulderArmor_R {
       

       FrameTransformMatrix {
        -0.031031,-0.431646,0.901509,0.000000,-0.739075,-0.597308,-0.311433,0.000000,0.672908,-0.675947,-0.300484,0.000000,22.951790,-8.062523,-0.769459,1.000000;;
       }
      }
     }
    }
   }

   Frame Legio-L-Thigh {
    

    FrameTransformMatrix {
     -0.515686,0.485983,0.705612,0.000000,-0.672091,-0.740234,0.018641,0.000000,0.531377,-0.464623,0.708354,0.000000,-8.761718,8.444862,0.538389,1.000000;;
    }

    Frame Legio-L-Calf {
     

     FrameTransformMatrix {
      0.650803,0.000000,-0.759247,0.000000,0.000000,1.000000,0.000000,0.000000,0.759247,-0.000000,0.650803,0.000000,38.898826,0.000000,-0.000002,1.000000;;
     }

     Frame Legio-L-Foot {
      

      FrameTransformMatrix {
       0.940290,0.262721,0.216409,0.000000,-0.223609,0.956142,-0.189183,0.000000,-0.256620,0.129496,0.957798,0.000000,65.453069,0.000004,-0.000001,1.000000;;
      }

      Frame Legio-L-Toe0 {
       

       FrameTransformMatrix {
        0.000000,0.000000,1.000000,0.000000,-0.000000,1.000000,0.000000,0.000000,-1.000000,-0.000000,0.000000,0.000000,8.898642,-0.000004,11.452156,1.000000;;
       }

       Frame Legio-L-Toe01 {
        

        FrameTransformMatrix {
         1.000000,-0.000000,0.000000,0.000000,-0.000000,1.000000,0.000000,0.000000,0.000000,-0.000000,1.000000,0.000000,1.160693,-0.000008,-0.000004,1.000000;;
        }

        Frame Legio-L-Toe02 {
         

         FrameTransformMatrix {
          1.000000,-0.000000,-0.000000,0.000000,-0.000000,1.000000,-0.000000,0.000000,0.000000,-0.000000,1.000000,0.000000,1.160692,-0.000004,0.000000,1.000000;;
         }
        }
       }
      }
     }
    }

    Frame Legio-LegArmor_L {
     

     FrameTransformMatrix {
      -0.902156,-0.041775,0.429384,0.000000,0.415063,-0.355446,0.837485,0.000000,0.117636,0.933763,0.338007,0.000000,6.636021,9.322582,0.281670,1.000000;;
     }
    }
   }

   Frame Legio-R-Thigh {
    

    FrameTransformMatrix {
     -0.306762,-0.691012,0.654523,0.000000,0.325198,-0.722389,-0.610247,0.000000,0.894507,0.025650,0.446317,0.000000,-8.761734,-8.444847,0.538437,1.000000;;
    }

    Frame Legio-R-Calf {
     

     FrameTransformMatrix {
      -0.187404,0.000000,-0.982283,0.000000,0.000000,1.000000,0.000000,0.000000,0.982283,0.000000,-0.187404,0.000000,38.898826,0.000000,0.000004,1.000000;;
     }

     Frame Legio-R-Foot {
      

      FrameTransformMatrix {
       0.940290,-0.262721,0.216409,0.000000,0.223610,0.956142,0.189183,0.000000,-0.256620,-0.129496,0.957798,0.000000,65.453069,0.000000,0.000008,1.000000;;
      }

      Frame Legio-R-Toe0 {
       

       FrameTransformMatrix {
        -0.000000,0.000000,1.000000,0.000000,-0.000000,1.000000,-0.000000,0.000000,-1.000000,0.000000,-0.000000,0.000000,8.898640,-0.000004,11.452155,1.000000;;
       }

       Frame Legio-R-Toe01 {
        

        FrameTransformMatrix {
         1.000000,-0.000000,0.000000,0.000000,-0.000000,1.000000,0.000000,0.000000,-0.000000,-0.000000,1.000000,0.000000,1.160692,-0.000004,-0.000000,1.000000;;
        }

        Frame Legio-R-Toe02 {
         

         FrameTransformMatrix {
          1.000000,-0.000000,0.000000,0.000000,0.000000,1.000000,0.000000,0.000000,-0.000000,-0.000000,1.000000,0.000000,1.160688,0.000000,0.000000,1.000000;;
         }
        }
       }
      }
     }
    }

    Frame Legio-LegArmor_R {
     

     FrameTransformMatrix {
      -0.973308,-0.157249,0.167162,0.000000,-0.198596,0.212040,-0.956869,0.000000,0.115022,-0.964527,-0.237609,0.000000,6.636019,-9.322582,0.281673,1.000000;;
     }
    }
   }

   Frame Legio-LThighTwist {
    

    FrameTransformMatrix {
     -0.515686,0.485983,0.705612,0.000000,-0.672091,-0.740234,0.018641,0.000000,0.531377,-0.464623,0.708354,0.000000,-8.761718,8.444862,0.538389,1.000000;;
    }

    Frame Legio-LThighTwist1 {
     

     FrameTransformMatrix {
      1.000000,0.000000,0.000000,0.000000,-0.000000,1.000000,0.000000,0.000000,-0.000000,-0.000000,1.000000,0.000000,19.449406,-0.000004,-0.000002,1.000000;;
     }
    }
   }

   Frame Legio-RThighTwist {
    

    FrameTransformMatrix {
     -0.306762,-0.691012,0.654523,0.000000,0.325198,-0.722389,-0.610247,0.000000,0.894507,0.025650,0.446317,0.000000,-8.761734,-8.444847,0.538437,1.000000;;
    }

    Frame Legio-RThighTwist1 {
     

     FrameTransformMatrix {
      1.000000,0.000000,0.000000,0.000000,-0.000000,1.000000,0.000000,0.000000,0.000000,-0.000000,1.000000,0.000000,19.449411,-0.000004,0.000000,1.000000;;
     }
    }
   }
  }
 }

 Frame Legio-Cloth_Back_M {
  

  FrameTransformMatrix {
   -0.153619,-0.986501,-0.056716,0.000000,0.042463,-0.063935,0.997051,0.000000,-0.987218,0.150758,0.051711,0.000000,-12.847271,8.199638,0.000010,1.000000;;
  }

  Frame Legio-Cloth_Back_M02 {
   

   FrameTransformMatrix {
    0.984706,0.011889,0.173820,0.000000,-0.012341,0.999923,0.001522,0.000000,-0.173788,-0.003644,0.984776,0.000000,20.562760,-0.000002,-0.016340,1.000000;;
   }

   Frame Legio-Cloth_Back_M03 {
    

    FrameTransformMatrix {
     0.979083,-0.028297,0.201487,0.000000,0.035647,0.998821,-0.032943,0.000000,-0.200317,0.039436,0.978937,0.000000,20.563008,0.000002,-0.016354,1.000000;;
    }

    Frame Legio-Cloth_Back_M04 {
     

     FrameTransformMatrix {
      0.957987,-0.022843,0.285900,0.000000,0.027805,0.999525,-0.013310,0.000000,-0.285460,0.020700,0.958167,0.000000,20.563709,0.000000,-0.016373,1.000000;;
     }
    }
   }
  }
 }

 Frame Legio-Cloth_Front_M {
  

  FrameTransformMatrix {
   0.418240,-0.889341,-0.184794,0.000000,-0.247186,0.084329,-0.965292,0.000000,0.874056,0.449402,-0.184562,0.000000,12.090938,9.793579,0.000000,1.000000;;
  }

  Frame Legio-Cloth_Front_M02 {
   

   FrameTransformMatrix {
    0.853895,-0.047468,-0.518277,0.000000,0.031690,0.998726,-0.039261,0.000000,0.519480,0.017100,0.854311,0.000000,18.484101,-0.000002,-0.014721,1.000000;;
   }

   Frame Legio-Cloth_Front_M03 {
    

    FrameTransformMatrix {
     0.977494,-0.032297,-0.208475,0.000000,0.031605,0.999479,-0.006649,0.000000,0.208581,-0.000090,0.978005,0.000000,18.483842,0.000000,-0.014710,1.000000;;
    }

    Frame Legio-Cloth_Front_M04 {
     

     FrameTransformMatrix {
      0.984530,-0.032296,-0.172213,0.000000,0.031829,0.999478,-0.005475,0.000000,0.172300,-0.000091,0.985044,0.000000,18.482949,0.000000,-0.014665,1.000000;;
     }
    }
   }
  }
 }
}

Frame SKM_Legio_V2 {
 

 FrameTransformMatrix {
  1.000000,0.000000,0.000000,0.000000,0.000000,1.000000,0.000000,0.000000,0.000000,0.000000,1.000000,0.000000,0.000000,0.000000,0.000000,1.000000;;
 }

 Mesh SKM_Legio_V2 {
  7565;
  1.147224;185.199910;1.852602;,
  0.076384;185.975910;1.855345;,
  1.093062;184.302630;2.999389;,
  -0.210435;185.070067;2.933016;,
  -0.764445;185.129574;1.284707;,
  0.721936;183.460710;4.078382;,
  -1.283923;184.215181;2.293264;,
  -0.506706;184.230886;4.034247;,
  0.024807;183.005965;5.217617;,
  -1.505338;183.378765;3.416732;,
  -0.975681;183.626739;5.687738;,
  -1.513359;182.949389;4.760677;,
  2.896914;185.766938;2.555338;,
  4.880317;181.965466;3.663901;,
  3.936134;185.160141;1.331396;,
  3.713374;181.964416;4.918589;,
  1.350755;184.535731;1.843258;,
  5.490679;178.368051;5.338721;,
  1.964910;180.648870;4.316445;,
  4.271673;178.937626;6.603541;,
  6.023115;176.639040;7.563894;,
  2.953142;177.842880;5.915694;,
  5.522432;176.467584;9.423719;,
  4.270681;176.276339;7.962356;,
  -4.303785;183.211110;2.093218;,
  -5.406262;182.868314;0.825564;,
  -5.959698;178.919910;1.693838;,
  -5.214961;179.495680;3.956414;,
  -2.896489;183.064038;3.047246;,
  -2.839028;179.163251;4.456294;,
  -6.576946;175.805632;2.908194;,
  -3.652828;176.033664;5.496661;,
  -5.930485;176.373760;5.083775;,
  -7.560500;173.391629;5.140110;,
  -5.541088;173.549120;6.927719;,
  -7.583378;172.880563;7.252359;,
  2.896364;186.650739;1.104844;,
  2.410421;186.598118;1.623380;,
  2.783290;184.936947;2.535717;,
  4.149398;184.785536;1.440348;,
  3.231355;186.257933;0.477954;,
  3.706859;185.496358;2.229189;,
  3.626470;183.983654;3.712470;,
  4.956720;183.875443;2.735693;,
  4.522463;184.519475;3.467806;,
  4.826307;183.712294;4.952540;,
  5.745099;183.638106;4.277943;,
  5.788305;183.952730;5.269258;,
  0.780932;183.849613;3.694571;,
  -0.078519;183.734451;3.567140;,
  -0.317935;182.122586;4.869108;,
  0.725938;182.534208;5.425918;,
  -0.413854;180.950106;6.147800;,
  1.804321;182.010573;5.062574;,
  1.628287;183.644339;3.722734;,
  0.563185;181.365248;6.698518;,
  -0.287477;180.293914;7.769651;,
  1.574735;180.845133;6.329080;,
  0.323966;180.325389;8.696620;,
  1.085852;180.221414;7.894844;,
  -1.898251;188.041498;-1.075167;,
  -2.891909;188.037491;-1.332118;,
  -3.819426;186.071654;0.629696;,
  -2.598560;186.508915;1.467743;,
  -4.456197;184.675456;2.524703;,
  -1.458270;185.520307;1.141527;,
  -0.992968;187.594074;-0.920473;,
  -3.309689;185.130061;3.346628;,
  -4.747454;183.993254;4.860374;,
  -2.243755;184.158810;3.004295;,
  -4.184280;184.051878;6.207595;,
  -3.219530;183.636442;5.191586;,
  0.779808;187.371622;0.134856;,
  -1.141584;185.694477;-0.468078;,
  -1.551689;183.882406;1.742405;,
  2.810388;185.833818;-0.481617;,
  3.362224;184.055680;1.725571;,
  0.850674;185.576538;2.343691;,
  -1.330561;182.224883;4.000815;,
  3.273856;182.387251;3.985041;,
  0.917053;183.913510;4.602632;,
  -0.578618;181.373990;6.555817;,
  2.601215;181.486118;6.544922;,
  0.970936;182.716288;8.008186;,
  -1.580979;188.194522;-0.769517;,
  -2.676162;187.932646;-1.311899;,
  -3.149391;185.441229;1.402789;,
  -0.404299;187.943578;-1.137273;,
  -0.324539;185.454810;1.619920;,
  -1.777713;186.647795;1.966422;,
  -1.992760;184.935270;4.871303;,
  -3.275479;183.729139;4.314508;,
  -0.628546;183.741862;4.517964;,
  -3.128191;183.839680;7.712673;,
  -1.300206;183.848461;7.853179;,
  -2.333135;184.645914;9.280120;,
  4.906614;182.369421;2.101419;,
  4.139330;184.899264;1.591265;,
  3.077117;184.263872;1.813806;,
  4.081922;184.310643;0.481416;,
  3.712217;181.696218;2.455749;,
  5.016497;181.932557;0.967492;,
  5.950602;180.216128;2.791362;,
  4.805448;179.576870;3.123890;,
  5.976138;179.631360;1.571528;,
  6.309533;177.601114;3.630486;,
  7.118016;177.638758;2.558419;,
  7.709858;177.610189;3.845292;,
  1.611415;184.162214;6.197032;,
  2.615504;184.672435;6.765692;,
  2.150698;185.168909;4.416726;,
  3.505536;184.478835;5.889151;,
  0.905618;183.929357;4.377414;,
  3.648317;184.387827;3.931601;,
  1.742478;186.022477;2.783120;,
  0.405219;184.767488;2.758787;,
  3.332275;185.256794;2.283010;,
  0.273121;185.752000;1.100171;,
  2.627180;186.145498;0.717530;,
  1.323882;186.959091;1.171069;,
  0.760149;179.118771;6.453679;,
  0.187637;182.742797;4.298524;,
  -1.463352;182.354982;4.046088;,
  1.882150;182.625229;4.133968;,
  -1.248477;178.452352;5.218077;,
  2.911346;178.788378;5.327348;,
  0.999016;176.054349;7.896457;,
  -0.878610;175.398502;6.664295;,
  3.019213;175.713344;6.766685;,
  -0.153082;173.091110;9.098591;,
  2.538772;173.308544;9.169301;,
  1.192993;172.671667;10.752508;,
  -3.464358;181.151859;3.971995;,
  -2.094755;181.679910;5.196875;,
  -2.893181;184.819213;2.277343;,
  -1.749177;184.986189;2.552170;,
  -0.635426;184.593062;2.485587;,
  -3.808546;178.328870;5.830077;,
  -0.657048;180.870630;4.230928;,
  -2.527350;178.865754;7.046802;,
  -3.851409;176.324122;8.579758;,
  -1.178050;178.065318;6.072702;,
  -3.125081;175.953677;10.333111;,
  -2.034776;176.142170;8.747316;,
  4.135453;185.196749;0.621144;,
  2.607808;186.493696;0.113502;,
  1.586927;185.166400;0.848571;,
  2.946212;183.839155;1.587213;,
  2.970278;185.415194;-1.049490;,
  4.555079;182.650803;2.038119;,
  4.666282;184.148518;-0.772849;,
  5.690152;183.998669;1.146371;,
  6.520284;182.086490;2.325995;,
  6.166813;182.940685;-0.173299;,
  7.976402;183.164698;1.984189;,
  7.633354;182.286682;0.798779;,
  3.008598;184.122304;4.167351;,
  2.189279;186.824038;1.539280;,
  1.009956;185.479795;1.348635;,
  3.715752;185.776614;0.838453;,
  4.413471;183.097626;3.372754;,
  1.685222;182.747379;4.051814;,
  5.237653;181.447795;6.205425;,
  3.918698;182.483469;6.978637;,
  2.681238;181.119629;6.841715;,
  5.632844;181.574234;9.583886;,
  3.867373;181.347584;10.023310;,
  5.008832;182.287475;11.269378;,
  -4.480348;184.301184;2.710145;,
  -4.168649;186.287155;0.693919;,
  -5.192767;184.292966;-0.663494;,
  -1.729002;185.357043;0.920093;,
  -1.619147;183.500582;3.129048;,
  -5.926019;182.177510;1.160003;,
  -2.124638;181.593126;5.129747;,
  -4.850209;182.435379;4.772853;,
  -6.160249;180.353357;3.284719;,
  -3.465310;180.251379;7.183952;,
  -6.252321;179.395187;5.909768;,
  -5.795074;180.874701;7.888226;,
  5.342712;182.928717;2.676999;,
  3.757524;185.820979;1.056495;,
  2.463552;184.836954;1.607439;,
  3.873062;181.914867;3.417191;,
  3.870596;184.628237;-0.172628;,
  5.794661;179.688282;5.083002;,
  5.647190;181.961818;1.355776;,
  7.204780;180.655027;4.385119;,
  8.243919;177.681869;6.475770;,
  7.433999;179.445056;3.009060;,
  10.113986;178.102093;6.731246;,
  9.376053;177.513894;5.043494;,
  -7.683115;110.663014;-12.461495;,
  -6.743582;112.070669;-12.762538;,
  -8.065548;112.675661;-11.268384;,
  -7.229311;108.478925;-13.674034;,
  -6.072306;111.416358;-13.722862;,
  -6.773364;106.942227;-14.519045;,
  -3.823215;110.006528;-14.251603;,
  -4.731452;105.627110;-15.105062;,
  -2.823009;105.196070;-15.519318;,
  -2.315176;106.581952;-14.856654;,
  -1.268469;110.299789;-14.198634;,
  -1.823031;112.088282;-13.502518;,
  -0.313786;111.155200;-13.952898;,
  0.227030;111.155200;-13.952898;,
  1.181715;110.299789;-14.198634;,
  1.736272;112.088282;-13.502518;,
  3.736462;110.006541;-14.251603;,
  2.228434;106.581965;-14.856654;,
  2.736270;105.196077;-15.519318;,
  4.644712;105.627130;-15.105062;,
  6.686621;106.942246;-14.519045;,
  5.985550;111.416371;-13.722862;,
  7.142562;108.478938;-13.674034;,
  6.656823;112.070682;-12.762538;,
  7.596362;110.663027;-12.461495;,
  7.978789;112.675686;-11.268384;,
  74.759603;101.256448;-0.340262;,
  74.149466;99.033408;-0.054386;,
  73.847117;100.098419;-0.201346;,
  76.585312;100.168179;0.217277;,
  75.065069;98.473882;0.291658;,
  74.264550;98.949683;2.007994;,
  74.149466;99.033408;-0.054386;,
  73.298394;99.518458;1.651419;,
  73.847117;100.098419;-0.201346;,
  73.096947;100.544986;1.361727;,
  74.759603;101.256448;-0.340262;,
  73.943546;101.750573;1.583517;,
  75.714778;100.693786;2.310045;,
  74.759603;101.256448;-0.340262;,
  73.943546;101.750573;1.583517;,
  73.298394;99.518458;1.651419;,
  73.943546;101.750573;1.583517;,
  73.096947;100.544986;1.361727;,
  -73.122317;102.217971;-10.811636;,
  -72.693939;99.906029;-11.333202;,
  -72.372595;100.889030;-10.840773;,
  -74.745382;101.595680;-12.280333;,
  -73.544922;99.587962;-12.148314;,
  -72.693939;99.906029;-11.333202;,
  -71.796262;100.358368;-13.041086;,
  -72.665510;100.010816;-13.749328;,
  -73.600710;102.120576;-14.120851;,
  -71.796262;100.358368;-13.041086;,
  -71.977664;102.742842;-12.652153;,
  -71.493210;101.311930;-12.441779;,
  -71.977664;102.742842;-12.652153;,
  -73.122317;102.217971;-10.811636;,
  -71.493210;101.311930;-12.441779;,
  -72.372595;100.889030;-10.840773;,
  -72.693939;99.906029;-11.333202;,
  -71.796262;100.358368;-13.041086;,
  -73.943578;101.750790;1.583519;,
  -73.298426;99.518669;1.651421;,
  -73.096973;100.545197;1.361729;,
  -75.714797;100.694010;2.310047;,
  -74.264582;98.949907;2.007996;,
  -73.943578;101.750790;1.583519;,
  -74.759629;101.256666;-0.340261;,
  -76.585344;100.168410;0.217279;,
  -75.065101;98.474106;0.291660;,
  -74.149491;99.033626;-0.054384;,
  -74.759629;101.256666;-0.340261;,
  -73.847142;100.098630;-0.201344;,
  -74.149491;99.033626;-0.054384;,
  -73.298426;99.518669;1.651421;,
  -73.847142;100.098630;-0.201344;,
  -73.096973;100.545197;1.361729;,
  -74.759629;101.256666;-0.340261;,
  -73.943578;101.750790;1.583519;,
  71.977651;102.742637;-12.652152;,
  71.796250;100.358163;-13.041086;,
  71.493210;101.311725;-12.441778;,
  73.600710;102.120358;-14.120850;,
  72.665498;100.010605;-13.749328;,
  74.745376;101.595456;-12.280332;,
  71.977651;102.742637;-12.652152;,
  73.544909;99.587738;-12.148314;,
  71.796250;100.358163;-13.041086;,
  72.693933;99.905818;-11.333202;,
  72.693933;99.905818;-11.333202;,
  73.122304;102.217760;-10.811635;,
  72.372595;100.888819;-10.840773;,
  73.122304;102.217760;-10.811635;,
  71.493210;101.311725;-12.441778;,
  72.372595;100.888819;-10.840773;,
  72.693933;99.905818;-11.333202;,
  71.796250;100.358163;-13.041086;,
  22.841458;155.572877;-0.085077;,
  22.316099;155.077837;0.949184;,
  21.641747;155.886426;0.879047;,
  22.030731;156.346317;0.127104;,
  24.553845;157.362701;0.532682;,
  23.015424;159.172864;1.210779;,
  23.429872;159.790848;0.637305;,
  20.710662;161.618394;2.910223;,
  25.421307;156.660506;-0.609095;,
  18.834022;162.669107;10.477202;,
  19.617952;163.154278;11.070569;,
  21.885822;162.490970;1.801589;,
  25.601758;159.408422;0.161352;,
  22.135790;164.813376;3.845215;,
  20.022749;164.686451;11.647861;,
  25.908083;163.911834;2.093936;,
  23.989507;165.268570;4.064464;,
  23.170562;165.059098;4.402358;,
  22.248240;164.646349;13.026199;,
  11.140227;179.276211;21.986904;,
  11.116145;179.164659;22.055347;,
  11.342982;179.515827;22.164557;,
  11.066636;179.004454;22.509741;,
  11.092101;179.053235;22.123669;,
  22.248240;164.646349;13.026199;,
  12.070401;179.159526;22.510179;,
  18.656949;161.752576;15.439864;,
  20.022749;164.686451;11.647861;,
  19.154960;161.672346;15.962552;,
  29.327840;160.079590;11.459276;,
  18.280197;161.735744;15.178670;,
  19.617952;163.154278;11.070569;,
  18.834022;162.669107;10.477202;,
  18.426130;158.788160;16.035837;,
  17.766832;160.072832;16.855840;,
  18.829149;160.702976;16.827032;,
  21.516142;154.153318;15.827387;,
  20.863200;154.046682;15.363874;,
  23.681018;154.732403;13.393202;,
  22.976302;153.503232;15.221867;,
  21.929386;152.647731;15.328686;,
  20.360579;151.065664;13.967408;,
  26.159277;150.488691;9.784429;,
  26.631861;151.011930;9.783790;,
  30.606435;147.630733;3.940955;,
  26.936944;152.418061;8.820838;,
  29.889402;154.583539;7.625377;,
  30.296870;150.136934;4.606604;,
  27.710826;156.408282;4.408753;,
  28.992368;155.065626;3.013333;,
  31.535840;147.908710;3.721171;,
  27.700026;153.619443;1.162635;,
  29.665370;148.328243;2.114799;,
  29.005555;148.137843;2.637434;,
  26.381832;156.899904;-0.839485;,
  27.752643;153.378765;0.320862;,
  27.996992;148.616077;1.480808;,
  27.168685;148.566259;1.669362;,
  25.752035;154.010726;-2.329334;,
  24.879659;154.068621;-1.979555;,
  26.490738;152.325440;0.185845;,
  25.137054;152.046886;0.859610;,
  24.986568;152.278477;-0.923178;,
  24.009274;152.241907;-0.044646;,
  -24.683643;157.708800;0.472744;,
  -24.127224;157.239808;1.883965;,
  -25.353571;156.017318;1.082327;,
  -25.661338;156.948582;-0.629086;,
  -25.095845;154.701734;0.365613;,
  -25.281274;154.340352;-2.022995;,
  -24.545803;152.389990;-0.044653;,
  -25.146797;153.275571;1.585971;,
  -27.160342;155.240179;2.135002;,
  -25.095845;154.701734;0.365613;,
  -25.353571;156.017318;1.082327;,
  -25.250781;158.807552;3.683137;,
  -24.127224;157.239808;1.883965;,
  -22.248701;159.019712;2.590672;,
  -22.709803;159.794138;1.207491;,
  -20.576374;161.602918;2.863772;,
  -21.345141;160.539917;3.937028;,
  -21.655104;156.642253;8.333570;,
  -19.144712;161.401702;10.300442;,
  -21.824480;156.135821;-0.628357;,
  -22.709803;159.794138;1.207491;,
  -22.286510;156.582272;-1.335068;,
  -22.785088;155.230848;-0.784697;,
  -24.683643;157.708800;0.472744;,
  -23.346509;155.448499;-1.738649;,
  -20.036840;158.522854;9.084191;,
  -19.527603;157.575155;11.566542;,
  -18.054034;158.930163;15.954288;,
  -20.153186;154.648986;15.221214;,
  -20.345928;156.275546;11.279206;,
  -20.216224;154.197978;9.937580;,
  -25.089069;153.602586;7.276761;,
  -20.252082;151.407744;13.880448;,
  -25.131506;153.225766;8.012529;,
  -26.782144;150.742246;9.784422;,
  -23.346509;155.448499;-1.738649;,
  -21.824480;156.135821;-0.628357;,
  -22.785088;155.230848;-0.784697;,
  -22.286510;156.582272;-1.335068;,
  -24.683643;157.708800;0.472744;,
  -22.709803;159.794138;1.207491;,
  -22.831982;160.700467;0.696292;,
  -20.576374;161.602918;2.863772;,
  -25.661338;156.948582;-0.629086;,
  -20.305422;161.756915;10.971592;,
  -19.144712;161.401702;10.300442;,
  -21.748242;162.627290;1.783549;,
  -25.775931;159.637914;0.161347;,
  -22.161731;164.545229;3.806984;,
  -21.230168;163.061184;11.848812;,
  -25.873493;164.136947;2.093933;,
  -23.161003;164.908198;4.372300;,
  -22.218397;164.403597;12.971422;,
  -23.930035;165.288653;4.052056;,
  -10.370484;178.759206;21.986901;,
  -10.351898;178.646605;22.055342;,
  -10.561255;179.008474;22.164555;,
  -11.305258;178.688243;22.510176;,
  -28.819578;155.177370;4.503328;,
  -29.476925;160.476877;11.459274;,
  -29.776726;154.414989;3.145497;,
  -30.435411;154.364864;7.116139;,
  -28.268864;153.634739;1.193320;,
  -30.932000;150.593664;4.606599;,
  -26.687019;157.158758;-0.839490;,
  -30.389894;148.756198;2.114793;,
  -26.201339;154.241024;-2.329340;,
  -25.281274;154.340352;-2.022995;,
  -28.231974;153.706944;0.320856;,
  -25.523142;152.472410;-0.923185;,
  -24.545803;152.389990;-0.044653;,
  -25.684794;152.248474;0.859604;,
  -27.023206;152.593037;0.185839;,
  -27.884538;148.871578;1.669354;,
  -28.709411;148.961933;1.480801;,
  -29.885043;148.590029;2.427861;,
  -31.364003;148.105651;3.940949;,
  -32.278672;148.428838;3.721165;,
  -27.228515;151.288026;9.783783;,
  -26.782144;150.742246;9.784422;,
  -27.580650;152.588749;8.619161;,
  -23.377851;155.238592;13.304896;,
  -22.500206;154.099392;15.104902;,
  -21.448955;153.218598;15.205902;,
  -20.252082;151.407744;13.880448;,
  -20.153186;154.648986;15.221214;,
  -20.817757;154.778214;15.686888;,
  -18.054034;158.930163;15.954288;,
  -18.691118;160.694682;16.786816;,
  -19.094376;161.544397;15.922126;,
  -17.799762;160.283558;16.904170;,
  -18.460262;161.593754;15.428579;,
  -18.114554;161.616678;15.210118;,
  -19.144712;161.401702;10.300442;,
  -20.305422;161.756915;10.971592;,
  -21.230168;163.061184;11.848812;,
  -22.218397;164.403597;12.971422;,
  -10.333343;178.534170;22.123666;,
  -10.351898;178.646605;22.055342;,
  -10.310299;178.484173;22.509738;,
  -10.561255;179.008474;22.164555;,
  -10.351898;178.646605;22.055342;,
  -10.333343;178.534170;22.123666;,
  -10.370484;178.759206;21.986901;,
  -7.324985;144.347904;-11.982146;,
  -10.639278;142.245798;-12.040901;,
  -7.488264;141.444685;-13.279579;,
  -5.905675;142.747930;-12.180890;,
  -2.548130;140.107136;-13.427558;,
  -2.321333;141.356646;-12.794732;,
  -2.274712;141.495642;-13.932096;,
  -2.639479;140.403507;-14.511792;,
  -2.548130;140.107136;-13.427558;,
  -7.488264;141.444685;-13.279579;,
  -6.117746;143.324672;-13.799530;,
  -2.321333;141.356646;-12.794732;,
  -5.905675;142.747930;-12.180890;,
  -7.324985;144.347904;-11.982146;,
  -7.430582;141.763520;-14.513800;,
  -10.639278;142.245798;-12.040901;,
  -7.445528;144.715456;-13.137130;,
  -14.052942;143.549632;-11.392550;,
  -13.070050;142.894989;-10.635241;,
  -15.137003;143.511027;-9.202362;,
  -5.326898;145.739955;-13.084930;,
  -5.031570;145.354803;-11.640802;,
  -1.709085;146.512653;-13.051994;,
  -1.266197;146.217318;-11.248999;,
  -8.153306;148.866202;-10.576763;,
  -1.798212;150.281101;-11.001124;,
  -1.352195;149.740339;-9.571053;,
  -4.900154;149.733645;-10.622488;,
  -1.625685;153.619827;-9.649761;,
  -1.171318;153.499891;-8.163232;,
  -4.933717;153.929702;-8.526178;,
  -1.594686;156.261478;-8.385186;,
  -1.137535;156.092992;-7.064490;,
  -3.363864;158.108762;-7.081291;,
  -2.611328;157.882138;-6.077648;,
  -8.703396;152.227200;-8.551974;,
  -7.167136;157.855718;-5.801780;,
  -8.840938;156.209869;-6.105677;,
  -13.496315;149.627072;-8.883943;,
  -13.593054;153.736422;-6.183470;,
  -13.475144;146.552525;-10.496822;,
  -14.830922;148.713882;-8.474452;,
  -13.652682;157.768832;-4.102316;,
  -14.523736;143.785587;-12.328725;,
  -7.930549;159.594355;-3.848071;,
  -14.005906;147.024538;-11.423122;,
  -5.460654;159.533658;-5.491950;,
  -15.759816;144.151987;-11.498918;,
  -15.311734;147.383219;-10.398366;,
  -14.777894;146.957453;-9.440483;,
  -15.562042;143.874048;-10.335512;,
  -15.755187;149.493555;-10.365347;,
  -17.531208;144.434714;-9.033402;,
  -17.431238;144.193907;-7.869652;,
  -20.018101;144.991846;-6.667184;,
  -17.701698;144.786394;-10.347130;,
  -20.547592;145.826624;-9.555785;,
  -21.953493;148.455706;-8.150808;,
  -21.363230;147.758848;-4.860006;,
  -17.925765;145.035802;-11.186135;,
  -23.317685;150.989914;-6.724803;,
  -22.656448;150.301542;-3.487322;,
  -20.388808;149.284442;-8.687862;,
  -24.626294;153.611226;-4.569061;,
