xof 0303txt 0032
template ColorRGBA {
 <35ff44e0-6c7c-11cf-8f52-0040333594a3>
 FLOAT red;
 FLOAT green;
 FLOAT blue;
 FLOAT alpha;
}

template ColorRGB {
 <d3e16e81-7835-11cf-8f52-0040333594a3>
 FLOAT red;
 FLOAT green;
 FLOAT blue;
}

template Material {
 <3d82ab4d-62da-11cf-ab39-0020af71e433>
 ColorRGBA faceColor;
 FLOAT power;
 ColorRGB specularColor;
 ColorRGB emissiveColor;
 [...]
}

template TextureFilename {
 <a42790e1-7810-11cf-8f52-0040333594a3>
 STRING filename;
}

template Frame {
 <3d82ab46-62da-11cf-ab39-0020af71e433>
 [...]
}

template Matrix4x4 {
 <f6f23f45-7686-11cf-8f52-0040333594a3>
 array FLOAT matrix[16];
}

template FrameTransformMatrix {
 <f6f23f41-7686-11cf-8f52-0040333594a3>
 Matrix4x4 frameMatrix;
}

template Vector {
 <3d82ab5e-62da-11cf-ab39-0020af71e433>
 FLOAT x;
 FLOAT y;
 FLOAT z;
}

template MeshFace {
 <3d82ab5f-62da-11cf-ab39-0020af71e433>
 DWORD nFaceVertexIndices;
 array DWORD faceVertexIndices[nFaceVertexIndices];
}

template Mesh {
 <3d82ab44-62da-11cf-ab39-0020af71e433>
 DWORD nVertices;
 array Vector vertices[nVertices];
 DWORD nFaces;
 array MeshFace faces[nFaces];
 [...]
}

template MeshNormals {
 <f6f23f43-7686-11cf-8f52-0040333594a3>
 DWORD nNormals;
 array Vector normals[nNormals];
 DWORD nFaceNormals;
 array MeshFace faceNormals[nFaceNormals];
}

template MeshMaterialList {
 <f6f23f42-7686-11cf-8f52-0040333594a3>
 DWORD nMaterials;
 DWORD nFaceIndexes;
 array DWORD faceIndexes[nFaceIndexes];
 [Material <3d82ab4d-62da-11cf-ab39-0020af71e433>]
}

template Coords2d {
 <f6f23f44-7686-11cf-8f52-0040333594a3>
 FLOAT u;
 FLOAT v;
}

template MeshTextureCoords {
 <f6f23f40-7686-11cf-8f52-0040333594a3>
 DWORD nTextureCoords;
 array Coords2d textureCoords[nTextureCoords];
}

template XSkinMeshHeader {
 <3cf169ce-ff7c-44ab-93c0-f78f62d172e2>
 WORD nMaxSkinWeightsPerVertex;
 WORD nMaxSkinWeightsPerFace;
 WORD nBones;
}

template SkinWeights {
 <6f0d123b-bad2-4167-a0d0-80224f25fabb>
 STRING transformNodeName;
 DWORD nWeights;
 array DWORD vertexIndices[nWeights];
 array FLOAT weights[nWeights];
 Matrix4x4 matrixOffset;
}

template AnimTicksPerSecond {
 <9e415a43-7ba6-4a73-8743-b73d47e88476>
 DWORD AnimTicksPerSecond;
}

template Animation {
 <3d82ab4f-62da-11cf-ab39-0020af71e433>
 [...]
}

template AnimationSet {
 <3d82ab50-62da-11cf-ab39-0020af71e433>
 [Animation <3d82ab4f-62da-11cf-ab39-0020af71e433>]
}

template FloatKeys {
 <10dd46a9-775b-11cf-8f52-0040333594a3>
 DWORD nValues;
 array FLOAT values[nValues];
}

template TimedFloatKeys {
 <f406b180-7b3b-11cf-8f52-0040333594a3>
 DWORD time;
 FloatKeys tfkeys;
}

template AnimationKey {
 <10dd46a8-775b-11cf-8f52-0040333594a3>
 DWORD keyType;
 DWORD nKeys;
 array TimedFloatKeys keys[nKeys];
}


Material material_0 {
 1.000000;1.000000;1.000000;1.000000;;
 10.000000;
 0.000000;0.000000;0.000000;;
 0.000000;0.000000;0.000000;;

 TextureFilename {
  "T_Eye0_D.png";
 }
}

Material material_1 {
 1.000000;1.000000;1.000000;1.000000;;
 10.000000;
 0.000000;0.000000;0.000000;;
 0.000000;0.000000;0.000000;;

 TextureFilename {
  "T_Yaak0_D.png";
 }
}

Frame Chuchoteur {
 

 FrameTransformMatrix {
  1.000000,0.000000,0.000000,0.000000,0.000000,0.000000,-1.000000,0.000000,0.000000,1.000000,0.000000,0.000000,0.000000,0.000000,0.000000,1.000000;;
 }

 Frame Skeletal {
  

  FrameTransformMatrix {
   1.000000,0.000000,0.000000,0.000000,0.000000,1.000000,-0.000000,0.000000,0.000000,0.000000,1.000000,0.000000,0.000000,0.000000,0.000000,1.000000;;
  }

  Frame B_Root {
   

   FrameTransformMatrix {
    -0.000000,-0.019508,0.999810,0.000000,1.000000,-0.000000,-0.000000,0.000000,-0.000000,0.999810,0.019508,0.000000,0.000000,-0.094404,0.220673,1.000000;;
   }

   Frame B_Hip {
    

    FrameTransformMatrix {
     0.500729,0.124014,-0.856675,0.000000,0.044201,0.984729,0.168387,0.000000,0.864475,-0.122182,0.487601,0.000000,50.919923,-0.425770,-4.971187,1.000000;;
    }

    Frame B_Spine_01 {
     

     FrameTransformMatrix {
      0.527086,0.016437,0.849653,0.000000,-0.037696,-0.998377,0.042699,0.000000,0.848975,-0.054534,-0.525611,0.000000,9.507351,-0.013436,-0.267052,1.000000;;
     }

     Frame B_Spine02 {
      

      FrameTransformMatrix {
       0.989958,0.008050,-0.141135,0.000000,0.015916,-0.998377,0.054690,0.000000,-0.140466,-0.056387,-0.988479,0.000000,6.538834,-0.254670,0.291101,1.000000;;
      }

      Frame B_Torso {
       

       FrameTransformMatrix {
        0.498024,0.022979,0.866859,0.000000,-0.033772,-0.998377,0.045868,0.000000,0.866505,-0.052119,-0.496440,0.000000,9.734138,-0.002434,-0.268770,1.000000;;
       }

       Frame B_Neck {
        

        FrameTransformMatrix {
         0.929174,-0.029310,0.368478,0.000000,0.003866,0.997567,0.069602,0.000000,-0.369621,-0.063248,0.927027,0.000000,12.262100,0.004625,-0.015312,1.000000;;
        }

        Frame B_Head {
         

         FrameTransformMatrix {
          0.953662,-0.093234,0.286071,0.000000,0.085812,0.995571,0.038400,0.000000,-0.288384,-0.012073,0.957439,0.000000,5.828785,-0.014234,0.076054,1.000000;;
         }

         Frame B_L_Eye {
          

          FrameTransformMatrix {
           1.000000,-0.000000,0.000000,0.000000,0.000000,1.000000,-0.000000,0.000000,-0.000000,0.000000,1.000000,0.000000,9.684379,-3.860492,-7.965721,1.000000;;
          }
         }

         Frame B_R_Eye {
          

          FrameTransformMatrix {
           -1.000000,0.000000,0.000691,0.000000,-0.000000,1.000000,-0.000000,0.000000,-0.000691,-0.000000,-1.000000,0.000000,9.684868,3.860491,-7.965584,1.000000;;
          }
         }
        }
       }

       Frame B_L_Shoulder {
        

        FrameTransformMatrix {
         0.067399,-0.891911,0.447159,0.000000,0.274340,-0.414336,-0.867792,0.000000,0.959268,0.181162,0.216761,0.000000,10.216553,-3.183505,-4.746567,1.000000;;
        }

        Frame B_L_Arm {
         

         FrameTransformMatrix {
          0.080521,0.189570,-0.978560,0.000000,0.316899,0.925940,0.205452,0.000000,0.945035,-0.326648,0.014483,0.000000,6.308773,-5.257092,0.091599,1.000000;;
         }

         Frame B_L_Forearm {
          

          FrameTransformMatrix {
           -0.130004,0.485140,-0.864718,0.000000,-0.987265,-0.143987,0.067646,0.000000,-0.091691,0.862501,0.497681,0.000000,19.618875,4.720770,-0.150818,1.000000;;
          }

          Frame B_L_Hand {
           

           FrameTransformMatrix {
            -0.074789,0.574408,0.815145,0.000000,-0.303286,0.765609,-0.567328,0.000000,-0.949960,-0.289652,0.116951,0.000000,18.861557,6.515924,-0.281773,1.000000;;
           }

           Frame B_L_Pinky01 {
            

            FrameTransformMatrix {
             0.948154,-0.008118,-0.317708,0.000000,0.008561,0.999964,-0.000000,0.000000,0.317697,-0.002720,0.948189,0.000000,7.099010,0.000000,-7.430344,1.000000;;
            }

            Frame B_L_Pinky02 {
             

             FrameTransformMatrix {
              0.764761,-0.000829,-0.644313,0.000000,0.001085,1.000000,0.000000,0.000000,0.644313,-0.000699,0.764761,0.000000,3.654343,0.000000,-2.622478,1.000000;;
             }

             Frame B_L_Pinky03 {
              

              FrameTransformMatrix {
               0.838224,-0.062965,-0.541678,0.000000,0.074906,0.997191,0.000000,0.000000,0.540157,-0.040575,0.840586,0.000000,1.446678,0.000004,-2.403934,1.000000;;
              }

              Frame B_L_Pinky_End {
               

               FrameTransformMatrix {
                -0.000000,0.000000,1.000000,0.000000,-0.983870,-0.178885,-0.000000,0.000000,0.178885,-0.983870,-0.000000,0.000000,0.846602,0.000004,-2.622475,1.000000;;
               }
              }
             }
            }
           }

           Frame B_L_MiddleFinger01 {
            

            FrameTransformMatrix {
             0.928548,0.191992,-0.317709,0.000000,-0.202483,0.979286,-0.000000,0.000000,0.311127,0.064331,0.948189,0.000000,6.997765,2.652679,-6.774727,1.000000;;
            }

            Frame B_L_MiddleFinger02 {
             

             FrameTransformMatrix {
              0.761753,0.067771,-0.644313,0.000000,-0.088618,0.996066,0.000000,0.000000,0.641779,0.057098,0.764762,0.000000,4.189442,0.000000,-2.076122,1.000000;;
             }

             Frame B_L_MiddleFinger03 {
              

              FrameTransformMatrix {
               0.822555,0.173169,-0.541678,0.000000,-0.206010,0.978550,-0.000000,0.000000,0.530059,0.111591,0.840586,0.000000,1.930553,0.000004,-1.966854,1.000000;;
              }

              Frame B_L_MiddleFinger04 {
               

               FrameTransformMatrix {
                0.877524,-0.479533,0.000000,0.000000,0.479533,0.877524,0.000000,0.000000,0.000000,0.000000,1.000000,0.000000,1.153373,0.000002,-3.168823,1.000000;;
               }
              }
             }
            }
           }

           Frame B_L_Index01 {
            

            FrameTransformMatrix {
             0.825150,0.467108,-0.317708,0.000000,-0.492631,0.870238,-0.000000,0.000000,0.276482,0.156513,0.948189,0.000000,5.938179,4.985618,-4.698601,1.000000;;
            }

            Frame B_L_Index02 {
             

             FrameTransformMatrix {
              0.757415,0.105747,-0.644313,0.000000,-0.138275,0.990394,-0.000000,0.000000,0.638124,0.089092,0.764761,0.000000,4.643837,-0.000001,-2.185394,1.000000;;
             }

             Frame B_L_Index03 {
              

              FrameTransformMatrix {
               0.834666,-0.099591,-0.541678,0.000000,0.118478,0.992957,-0.000000,0.000000,0.537863,-0.064177,0.840586,0.000000,2.143093,0.000000,-2.076126,1.000000;;
              }

              Frame B_L_Index04 {
               

               FrameTransformMatrix {
                0.860231,-0.509904,-0.000000,0.000000,0.509904,0.860231,-0.000000,0.000000,0.000000,0.000000,1.000000,0.000000,1.422695,0.000000,-2.076130,1.000000;;
               }
              }
             }
            }
           }

           Frame B_L_Thumb01 {
            

            FrameTransformMatrix {
             0.188734,0.654792,-0.731865,0.000000,-0.958218,-0.040324,-0.283184,0.000000,-0.214938,0.754733,0.619823,0.000000,-1.082684,3.630382,-1.092697,1.000000;;
            }

            Frame B_L_Thumb02 {
             

             FrameTransformMatrix {
              0.864983,-0.115209,-0.488396,0.000000,0.132026,0.991246,0.000000,0.000000,0.484121,-0.064481,0.872622,0.000000,3.798222,0.000000,-0.218540,1.000000;;
             }

             Frame B_L_Thumb03 {
              

              FrameTransformMatrix {
               -0.042635,-0.999090,0.000000,0.000000,0.999091,-0.042635,-0.000000,0.000000,0.000000,0.000000,1.000000,0.000000,2.881437,-0.000008,-0.764889,1.000000;;
              }
             }
            }
           }
          }
         }
        }
       }

       Frame B_R_Shoulder {
        

        FrameTransformMatrix {
         -0.211536,-0.974391,-0.076251,0.000000,-0.339107,0.000000,0.940748,0.000000,-0.916656,0.224860,-0.330423,0.000000,10.336082,3.229259,-5.049370,1.000000;;
        }

        Frame B_R_Arm {
         

         FrameTransformMatrix {
          0.469328,0.320998,-0.822613,0.000000,-0.780789,0.585971,-0.216810,0.000000,0.412431,0.744042,0.525645,0.000000,-6.420872,5.407467,-0.000004,1.000000;;
         }

         Frame B_R_Forearm {
          

          FrameTransformMatrix {
           -0.538984,0.154218,0.828078,0.000000,-0.373099,0.837684,-0.398852,0.000000,-0.755178,-0.523930,-0.393960,0.000000,-19.997506,-4.961304,0.000068,1.000000;;
          }

          Frame B_R_Hand {
           

           FrameTransformMatrix {
            0.671649,-0.688833,0.272758,0.000000,-0.061590,0.314971,0.947101,0.000000,-0.738305,-0.652918,0.169125,0.000000,-18.825608,-6.539909,0.265530,1.000000;;
           }

           Frame B_R_Pinky01 {
            

            FrameTransformMatrix {
             0.698179,-0.047886,-0.714320,0.000000,0.105964,0.993683,0.036956,0.000000,0.708038,-0.101494,0.698843,0.000000,-7.098961,0.000008,7.430398,1.000000;;
            }

            Frame B_R_Pinky02 {
             

             FrameTransformMatrix {
              0.849562,-0.000921,-0.527487,0.000000,0.038893,0.997386,0.060899,0.000000,0.526052,-0.072253,0.847377,0.000000,-3.654366,0.000000,2.622398,1.000000;;
             }

             Frame B_R_Pinky03 {
              

              FrameTransformMatrix {
               0.976107,-0.073323,-0.204545,0.000000,0.089335,0.993527,0.070167,0.000000,0.198076,-0.086763,0.976339,0.000000,-1.446649,0.000004,2.404003,1.000000;;
              }

              Frame B_R_Pinky_End {
               

               FrameTransformMatrix {
                -0.000000,-0.000000,1.000000,0.000000,-0.983870,-0.178885,0.000000,0.000000,0.178885,-0.983870,-0.000000,0.000000,-0.846654,-0.000015,2.622498,1.000000;;
               }
              }
             }
            }
           }

           Frame B_R_MiddleFinger01 {
            

            FrameTransformMatrix {
             0.464618,0.329832,-0.821791,0.000000,-0.294010,0.932855,0.208183,0.000000,0.835277,0.144889,0.530395,0.000000,-6.997769,-2.652672,6.774798,1.000000;;
            }

            Frame B_R_MiddleFinger02 {
             

             FrameTransformMatrix {
              0.970232,0.169573,-0.172904,0.000000,-0.169659,0.985398,0.014388,0.000000,0.172819,0.015375,0.984834,0.000000,-4.189411,0.000023,2.076099,1.000000;;
             }

             Frame B_R_MiddleFinger03 {
              

              FrameTransformMatrix {
               0.986260,0.004131,-0.165147,0.000000,0.044133,0.956764,0.287498,0.000000,0.159194,-0.290836,0.943436,0.000000,-1.930607,-0.000072,1.966797,1.000000;;
              }

              Frame B_R_MiddleFinger04 {
               

               FrameTransformMatrix {
                0.877524,-0.479533,0.000000,0.000000,0.479533,0.877524,-0.000000,0.000000,-0.000000,0.000000,1.000000,0.000000,-1.153345,0.000027,3.168896,1.000000;;
               }
              }
             }
            }
           }

           Frame B_R_Index01 {
            

            FrameTransformMatrix {
             0.046820,0.701460,-0.711169,0.000000,-0.591911,0.592976,0.545912,0.000000,0.804642,0.395390,0.442965,0.000000,-5.938137,-4.985588,4.698601,1.000000;;
            }

            Frame B_R_Index02 {
             

             FrameTransformMatrix {
              0.959066,0.133901,-0.249524,0.000000,-0.074409,0.969342,0.234177,0.000000,0.273231,-0.206025,0.939627,0.000000,-4.643883,-0.000019,2.185398,1.000000;;
             }

             Frame B_R_Index03 {
              

              FrameTransformMatrix {
               0.945194,-0.112779,-0.306412,0.000000,0.188538,0.954706,0.230194,0.000000,0.266572,-0.275349,0.923646,0.000000,-2.143040,0.000011,2.076099,1.000000;;
              }

              Frame B_R_Index04 {
               

               FrameTransformMatrix {
                0.860231,-0.509904,0.000000,0.000000,0.509904,0.860231,-0.000000,0.000000,0.000000,0.000000,1.000000,0.000000,-1.422721,-0.000015,2.076191,1.000000;;
               }
              }
             }
            }
           }

           Frame B_R_Thumb01 {
            

            FrameTransformMatrix {
             0.152440,0.942928,-0.296057,0.000000,-0.594491,0.326789,0.734703,0.000000,0.789520,0.064005,0.610378,0.000000,1.082707,-3.630352,1.092702,1.000000;;
            }

            Frame B_R_Thumb02 {
             

             FrameTransformMatrix {
              0.878828,-0.446317,-0.168707,0.000000,0.477034,0.829291,0.291059,0.000000,0.010002,-0.336270,0.941713,0.000000,-3.798298,-0.000004,0.218597,1.000000;;
             }

             Frame B_R_Thumb03 {
              

              FrameTransformMatrix {
               -0.042635,-0.999091,0.000000,0.000000,0.999091,-0.042635,0.000000,0.000000,0.000000,-0.000000,1.000000,0.000000,-2.881378,0.000053,0.764908,1.000000;;
              }
             }
            }
           }
          }
         }
        }
       }
      }
     }
    }

    Frame B_L_Leg {
     

     FrameTransformMatrix {
      -0.803744,0.574857,0.153410,0.000000,0.542117,0.601331,0.586950,0.000000,0.245162,0.554924,-0.794957,0.000000,4.489952,5.425973,1.872143,1.000000;;
     }

     Frame B_L_Foreleg {
      

      FrameTransformMatrix {
       0.123218,-0.991772,-0.034735,0.000000,0.975268,0.127491,-0.180552,0.000000,0.183495,-0.011629,0.982952,0.000000,25.990810,6.878182,-0.000002,1.000000;;
      }

      Frame B_L_Foot {
       

       FrameTransformMatrix {
        0.838804,-0.527055,0.136461,0.000000,0.294454,0.650006,0.700564,0.000000,-0.457936,-0.547454,0.700421,0.000000,23.522042,-11.952244,0.000002,1.000000;;
       }

       Frame B_L_Forefoot {
        

        FrameTransformMatrix {
         0.996544,-0.082001,0.013297,0.000000,0.083070,0.982431,-0.167123,0.000000,0.000641,0.167649,0.985847,0.000000,9.992766,5.756970,0.000000,1.000000;;
        }

        Frame B_L_Foot_End {
         

         FrameTransformMatrix {
          -0.430029,-0.406138,0.806304,0.000000,0.882353,0.000000,0.470588,0.000000,-0.191124,0.913811,0.358358,0.000000,2.045376,9.310651,-0.000002,1.000000;;
         }
        }
       }
      }
     }
    }

    Frame B_R_Leg {
     

     FrameTransformMatrix {
      0.963248,0.072453,-0.258659,0.000000,-0.268498,0.231316,-0.935094,0.000000,-0.007919,0.970177,0.242268,0.000000,4.489994,-5.425971,1.872158,1.000000;;
     }

     Frame B_R_Foreleg {
      

      FrameTransformMatrix {
       0.294273,-0.952704,-0.075886,0.000000,0.939455,0.302939,-0.160164,0.000000,0.175578,-0.024160,0.984169,0.000000,-25.990859,-6.878186,0.000000,1.000000;;
      }

      Frame B_R_Foot {
       

       FrameTransformMatrix {
        0.601693,-0.798022,-0.033562,0.000000,0.621546,0.441415,0.647174,0.000000,-0.501644,-0.410260,0.761603,0.000000,-23.522091,11.952248,-0.000011,1.000000;;
       }

       Frame B_R_Forefoot {
        

        FrameTransformMatrix {
         0.968144,-0.247286,0.039339,0.000000,0.250393,0.956911,-0.147054,0.000000,-0.001279,0.152220,0.988346,0.000000,-9.992729,-5.756971,0.000049,1.000000;;
        }

        Frame B_R_Foot_End {
         

         FrameTransformMatrix {
          -0.430029,-0.406139,0.806304,0.000000,0.882353,-0.000000,0.470588,0.000000,-0.191124,0.913811,0.358358,0.000000,-2.045377,-9.310659,-0.000010,1.000000;;
         }
        }
       }
      }
     }
    }
   }
  }
 }

 Frame Mode {
  

  FrameTransformMatrix {
   1.000000,0.000000,0.000000,0.000000,0.000000,1.000000,-0.000000,0.000000,0.000000,0.000000,1.000000,0.000000,0.000000,0.000000,0.000000,1.000000;;
  }

  Frame Chucho_L_eye {
   

   FrameTransformMatrix {
    1.000000,0.000000,0.000000,0.000000,0.000000,1.000000,-0.000000,0.000000,0.000000,0.000000,1.000000,0.000000,0.000000,0.000000,0.000000,1.000000;;
   }
  }

  Frame Chucho_R_eye {
   

   FrameTransformMatrix {
    1.000000,0.000000,0.000000,0.000000,0.000000,1.000000,-0.000000,0.000000,0.000000,0.000000,1.000000,0.000000,0.000000,0.000000,0.000000,1.000000;;
   }
  }

  Frame Chucho_body {
   

   FrameTransformMatrix {
    1.000000,0.000000,0.000000,0.000000,0.000000,1.000000,-0.000000,0.000000,0.000000,0.000000,1.000000,0.000000,0.000000,0.000000,0.000000,1.000000;;
   }
  }
 }
}

Frame Chucho_SkeletalMesh {
 

 FrameTransformMatrix {
  1.000000,0.000000,0.000000,0.000000,0.000000,1.000000,0.000000,0.000000,0.000000,0.000000,1.000000,0.000000,0.000000,0.000000,0.000000,1.000000;;
 }

 Mesh Chucho_SkeletalMesh {
  3500;
  3.765856;107.590810;-10.048655;,
  3.214312;107.388890;-10.196923;,
  3.522696;107.680192;-9.265689;,
  3.522696;107.680192;-9.265689;,
  3.214312;107.388890;-10.196923;,
  2.971147;107.478067;-9.413934;,
  3.870568;105.271539;-9.751690;,
  4.422119;105.473459;-9.603444;,
  4.178956;105.562822;-8.820470;,
  4.178956;105.562822;-8.820470;,
  3.627408;105.360685;-8.968714;,
  3.870568;105.271539;-9.751690;,
  4.759494;107.092070;-9.683190;,
  4.331434;107.482304;-9.860629;,
  4.088273;107.571558;-9.077657;,
  4.516333;107.181267;-8.900220;,
  4.331434;107.482304;-9.860629;,
  3.765856;107.590810;-10.048655;,
  3.522696;107.680192;-9.265689;,
  4.088273;107.571558;-9.077657;,
  3.214312;107.388890;-10.196923;,
  2.824579;106.930099;-10.265643;,
  2.581414;107.019347;-9.482669;,
  2.971147;107.478067;-9.413934;,
  2.824579;106.930099;-10.265643;,
  2.701093;106.337664;-10.236446;,
  2.457926;106.426963;-9.453478;,
  2.581414;107.019347;-9.482669;,
  2.876933;105.770285;-10.117164;,
  2.457926;106.426963;-9.453478;,
  2.701093;106.337664;-10.236446;,
  2.633771;105.859603;-9.334182;,
  3.304993;105.380051;-9.939725;,
  3.061831;105.469331;-9.156746;,
  2.633771;105.859603;-9.334182;,
  2.876933;105.770285;-10.117164;,
  3.061831;105.469331;-9.156746;,
  3.304993;105.380051;-9.939725;,
  3.870568;105.271539;-9.751690;,
  3.627408;105.360685;-8.968714;,
  4.422119;105.473459;-9.603444;,
  4.811848;105.932250;-9.534710;,
  4.178956;105.562822;-8.820470;,
  4.568689;106.021530;-8.751734;,
  4.935343;106.524678;-9.563906;,
  4.568689;106.021530;-8.751734;,
  4.811848;105.932250;-9.534710;,
  4.692178;106.613933;-8.780925;,
  4.935343;106.524678;-9.563906;,
  4.759494;107.092070;-9.683190;,
  4.516333;107.181267;-8.900220;,
  4.692178;106.613933;-8.780925;,
  -2.569369;106.763142;-10.587392;,
  -2.994711;107.186778;-10.505616;,
  -2.735211;107.297606;-9.730683;,
  -2.309869;106.874010;-9.812478;,
  -2.994711;107.186778;-10.505616;,
  -3.556566;107.340851;-10.339513;,
  -3.297076;107.451738;-9.564601;,
  -2.735211;107.297606;-9.730683;,
  -3.297076;107.451738;-9.564601;,
  -3.556566;107.340851;-10.339513;,
  -4.104406;107.184166;-10.133645;,
  -3.844912;107.295130;-9.358731;,
  -4.491421;106.758784;-9.943162;,
  -4.231927;106.869741;-9.168237;,
  -3.844912;107.295130;-9.358731;,
  -4.104406;107.184166;-10.133645;,
  -4.231927;106.869741;-9.168237;,
  -4.491421;106.758784;-9.943162;,
  -4.613916;106.178528;-9.819078;,
  -4.354420;106.289530;-9.044160;,
  -4.613916;106.178528;-9.819078;,
  -4.439063;105.599008;-9.794682;,
  -4.179571;105.709990;-9.019749;,
  -4.354420;106.289530;-9.044160;,
  -4.439063;105.599008;-9.794682;,
  -4.013722;105.175379;-9.876470;,
  -4.179571;105.709990;-9.019749;,
  -3.754228;105.286394;-9.101543;,
  -4.013722;105.175379;-9.876470;,
  -3.451861;105.021318;-10.042550;,
  -3.754228;105.286394;-9.101543;,
  -3.192363;105.132269;-9.267626;,
  -3.451861;105.021318;-10.042550;,
  -2.904021;105.178010;-10.248421;,
  -2.644527;105.288870;-9.473497;,
  -3.192363;105.132269;-9.267626;,
  -2.904021;105.178010;-10.248421;,
  -2.517006;105.603379;-10.438902;,
  -2.257512;105.714285;-9.663992;,
  -2.644527;105.288870;-9.473497;,
  -2.517006;105.603379;-10.438902;,
  -2.394516;106.183629;-10.562991;,
  -2.135018;106.294477;-9.788067;,
  -2.257512;105.714285;-9.663992;,
  -2.569369;106.763142;-10.587392;,
  -2.135018;106.294477;-9.788067;,
  -2.394516;106.183629;-10.562991;,
  -2.309869;106.874010;-9.812478;,
  4.759494;107.092070;-9.683190;,
  3.818213;106.431174;-9.900176;,
  4.331434;107.482304;-9.860629;,
  4.935343;106.524678;-9.563906;,
  3.765856;107.590810;-10.048655;,
  4.811848;105.932250;-9.534710;,
  3.214312;107.388890;-10.196923;,
  4.422119;105.473459;-9.603444;,
  2.824579;106.930099;-10.265643;,
  3.870568;105.271539;-9.751690;,
  2.701093;106.337664;-10.236446;,
  3.304993;105.380051;-9.939725;,
  2.876933;105.770285;-10.117164;,
  -2.569369;106.763142;-10.587392;,
  -3.504213;106.181075;-10.191034;,
  -2.994711;107.186778;-10.505616;,
  -2.394516;106.183629;-10.562991;,
  -3.556566;107.340851;-10.339513;,
  -2.517006;105.603379;-10.438902;,
  -4.104406;107.184166;-10.133645;,
  -2.904021;105.178010;-10.248421;,
  -4.491421;106.758784;-9.943162;,
  -3.451861;105.021318;-10.042550;,
  -4.613916;106.178528;-9.819078;,
  -4.013722;105.175379;-9.876470;,
  -4.439063;105.599008;-9.794682;,
  12.718850;-0.024650;-7.596243;,
  11.556052;-0.084881;-5.214193;,
  10.592814;0.111594;-8.517139;,
  13.298475;-0.055311;-6.968719;,
  12.788425;-0.155437;-4.520741;,
  11.806731;-0.066198;-2.627063;,
  15.946990;-0.097044;-5.209056;,
  13.073043;-0.118253;-2.203371;,
  12.079115;-0.045894;0.184075;,
  15.363240;-0.193260;-3.601000;,
  13.382304;-0.077852;0.314652;,
  11.529370;-0.135175;2.758969;,
  14.957794;-0.151300;-1.669923;,
  16.377410;0.755202;-5.023811;,
  14.023768;-0.188442;2.734574;,
  15.946770;0.948912;-3.415756;,
  14.517242;-0.105701;0.428359;,
  15.544770;1.147181;-1.622809;,
  13.929038;0.496851;2.780982;,
  11.529798;0.576035;3.383353;,
  14.799669;1.660553;1.747519;,
  15.107963;1.362616;0.325383;,
  13.752176;1.865702;3.595248;,
  11.461454;1.842753;3.667630;,
  14.687731;2.138979;2.252570;,
  14.455349;3.417441;0.489317;,
  13.422794;3.286730;4.945696;,
  11.375142;3.160750;5.075344;,
  14.451107;3.150267;3.320244;,
  13.238686;4.218474;6.219510;,
  11.159402;4.075594;6.350770;,
  14.028957;4.185484;4.896559;,
  14.242923;5.112597;2.199923;,
  13.122606;4.730723;7.754704;,
  10.831479;4.717310;7.927735;,
  13.719754;4.957137;6.022890;,
  13.989392;7.101821;4.241541;,
  13.124646;5.004054;9.162003;,
  10.833517;5.092856;9.335033;,
  11.804436;7.013243;10.682919;,
  13.630954;5.800990;7.361016;,
  12.533456;6.978400;10.427402;,
  13.632987;5.847205;8.768321;,
  12.844538;7.868410;10.116355;,
  11.832578;8.248946;10.730674;,
  13.741163;8.345404;8.172230;,
  12.526110;9.635370;9.934028;,
  11.680175;9.693537;10.290259;,
  11.462811;11.243986;7.864798;,
  12.879306;10.826746;6.939852;,
  13.775323;8.005274;6.835217;,
  13.040886;10.213126;5.908930;,
  12.639073;9.584444;4.854102;,
  13.833454;7.562750;5.364880;,
  12.194055;9.172034;3.630042;,
  12.790867;6.622218;1.395779;,
  10.605176;6.481650;1.380869;,
  9.847434;9.268594;4.013632;,
  13.678026;4.224482;-0.150441;,
  8.988463;7.615485;4.801331;,
  9.322500;9.705095;5.651362;,
  14.688099;3.048308;-0.437804;,
  12.895917;4.541945;-0.752706;,
  15.102437;2.570868;-2.117558;,
  13.765189;3.778490;-0.948431;,
  13.768389;3.344427;-1.613827;,
  15.483757;2.131472;-3.663458;,
  14.066704;2.935705;-3.078374;,
  12.999602;4.074095;-1.333669;,
  12.827969;3.726920;-2.187740;,
  11.814445;4.614638;-0.698919;,
  11.652109;4.227271;-1.386154;,
  10.527458;4.005473;-0.620027;,
  9.293631;4.832995;2.452239;,
  11.562000;3.921416;-1.897576;,
  9.472210;4.965998;5.068888;,
  10.520650;3.727442;-1.414756;,
  11.234475;3.671480;-3.704630;,
  10.735407;3.578520;-3.473236;,
  12.745042;3.544943;-3.719280;,
  10.933050;3.441458;-5.367686;,
  14.341246;2.559550;-4.426217;,
  12.668723;3.377466;-5.128774;,
  16.078035;1.637539;-5.271516;,
  14.835714;1.956927;-6.040544;,
  15.374621;0.960858;-6.372714;,
  13.298475;-0.055311;-6.968719;,
  13.565814;1.266432;-7.759910;,
  13.330320;2.609202;-6.895418;,
  12.752935;1.342160;-8.474794;,
  12.718850;-0.024650;-7.596243;,
  12.529917;2.630469;-7.459083;,
  10.852310;1.461890;-8.730077;,
  10.592814;0.111594;-8.517139;,
  11.129511;2.665930;-7.515745;,
  9.849730;1.560868;-7.162916;,
  9.768127;0.217093;-7.055586;,
  11.556052;-0.084881;-5.214193;,
  9.821324;1.960448;-5.557063;,
  9.787596;0.349276;-5.464004;,
  9.630068;2.201048;-3.260540;,
  9.567187;0.446211;-2.731038;,
  11.806731;-0.066198;-2.627063;,
  9.422250;2.462477;-0.765169;,
  9.327695;0.551531;0.238566;,
  12.079115;-0.045894;0.184075;,
  11.529370;-0.135175;2.758969;,
  9.422959;2.510096;0.484015;,
  9.389322;0.425255;2.544386;,
  11.529798;0.576035;3.383353;,
  9.498114;2.968474;0.878173;,
  9.482623;1.108509;3.222975;,
  11.461454;1.842753;3.667630;,
  9.571358;2.955996;3.547921;,
  11.375142;3.160750;5.075344;,
  11.159402;4.075594;6.350770;,
  9.071443;5.583682;6.406449;,
  10.831479;4.717310;7.927735;,
  9.077042;5.903555;8.367280;,
  8.730756;7.796763;6.287138;,
  10.833517;5.092856;9.335033;,
  8.908858;8.473802;8.106791;,
  9.302612;10.636438;7.188343;,
  9.190490;6.293433;9.774590;,
  8.912734;9.198790;9.276265;,
  10.089528;11.374224;8.224248;,
  11.068729;7.041770;10.738498;,
  11.804436;7.013243;10.682919;,
  11.832578;8.248946;10.730674;,
  10.405672;8.223570;10.655688;,
  10.732674;9.744894;10.270166;,
  11.680175;9.693537;10.290259;,
  11.462811;11.243986;7.864798;,
  -12.667797;-0.024650;-7.596243;,
  -10.541759;0.111594;-8.517139;,
  -11.504996;-0.084881;-5.143298;,
  -13.247422;-0.055311;-6.968719;,
  -12.737371;-0.155437;-4.449846;,
  -11.746255;-0.066900;-2.686112;,
  -15.895938;-0.097044;-5.209056;,
  -13.011291;-0.119653;-2.252278;,
  -12.028062;-0.045894;0.184075;,
  -15.312187;-0.193260;-3.530105;,
  -13.331251;-0.077852;0.314652;,
  -11.478318;-0.135175;2.758969;,
  -14.921979;-0.152876;-1.704312;,
  -16.326357;0.755202;-5.023811;,
  -13.972715;-0.188442;2.734568;,
  -15.895715;0.948912;-3.344860;,
  -14.466189;-0.105701;0.428359;,
  -15.508827;1.139727;-1.652005;,
  -13.877986;0.496851;2.780982;,
  -11.478746;0.576035;3.383353;,
  -14.748616;1.660553;1.747513;,
  -15.056909;1.362616;0.325383;,
  -13.701125;1.865702;3.595248;,
  -11.410402;1.842753;3.667630;,
  -14.636683;2.138979;2.252564;,
  -14.404296;3.417441;0.489317;,
  -13.371742;3.286730;4.945696;,
  -11.324091;3.160750;5.075343;,
  -14.400054;3.150267;3.320244;,
  -13.187632;4.218474;6.219510;,
  -11.108348;4.075594;6.350764;,
  -13.977906;4.185484;4.896559;,
  -14.191875;5.112597;2.199923;,
  -13.071552;4.730723;7.754704;,
  -10.780424;4.717310;7.927735;,
  -13.668702;4.957137;6.022890;,
  -13.938341;7.101821;4.241541;,
  -13.073592;5.004054;9.162003;,
  -10.782463;5.092856;9.335033;,
  -11.753382;7.013243;10.682919;,
  -13.579899;5.800990;7.361016;,
  -12.482403;6.978400;10.427402;,
  -13.581933;5.847205;8.768321;,
  -12.793486;7.868410;10.116355;,
  -11.781525;8.248946;10.730674;,
  -13.690109;8.345404;8.172230;,
  -12.475054;9.635370;9.934028;,
  -11.629122;9.693537;10.290259;,
  -11.411758;11.243986;7.864798;,
  -12.828253;10.826746;6.939852;,
  -13.724272;8.005274;6.835217;,
  -12.989832;10.213126;5.908930;,
  -12.588020;9.584444;4.854102;,
  -13.782402;7.562750;5.364880;,
  -12.143002;9.172034;3.630042;,
  -12.739813;6.622218;1.395779;,
  -10.554121;6.481650;1.380869;,
  -9.796381;9.268594;4.013632;,
  -13.626973;4.224482;-0.150441;,
  -8.937411;7.615485;4.801331;,
  -9.271447;9.705095;5.651362;,
  -14.637045;3.048308;-0.437804;,
  -12.844864;4.541945;-0.752706;,
  -15.065714;2.554350;-2.137471;,
  -13.714136;3.778490;-0.948431;,
  -13.717334;3.344427;-1.613827;,
  -12.948548;4.074095;-1.333669;,
  -11.763390;4.614638;-0.698919;,
  -12.776914;3.726920;-2.187740;,
  -11.601055;4.227271;-1.386154;,
  -10.476404;4.005473;-0.620027;,
  -14.025970;2.921568;-3.090841;,
  -11.510946;3.921416;-1.897576;,
  -15.432702;2.131472;-3.592565;,
  -12.691118;3.538649;-3.734064;,
  -14.290195;2.559550;-4.355323;,
  -16.026981;1.637539;-5.271516;,
  -15.323568;0.960858;-6.372714;,
  -13.247422;-0.055311;-6.968719;,
  -14.784662;1.956927;-6.040544;,
  -13.514762;1.266432;-7.759910;,
  -12.701882;1.342160;-8.474794;,
  -12.667797;-0.024650;-7.596243;,
  -13.279265;2.609202;-6.895418;,
  -12.617669;3.377466;-5.057880;,
  -12.478862;2.630469;-7.459083;,
  -10.801255;1.461890;-8.730077;,
  -10.541759;0.111594;-8.517139;,
  -11.172091;3.662832;-3.728944;,
  -10.881997;3.441458;-5.296790;,
  -11.078458;2.665930;-7.515745;,
  -10.691784;3.573366;-3.506249;,
  -10.469597;3.727442;-1.414754;,
  -9.586203;2.192000;-3.308665;,
  -9.770271;1.960448;-5.486169;,
  -9.798677;1.560868;-7.162916;,
  -9.736542;0.349276;-5.393108;,
  -9.717074;0.217093;-7.055586;,
  -11.504996;-0.084881;-5.143298;,
  -9.524419;0.442562;-2.795566;,
  -11.746255;-0.066900;-2.686112;,
  -9.371198;2.462477;-0.765171;,
  -9.276640;0.551531;0.238566;,
  -12.028062;-0.045894;0.184075;,
  -11.478318;-0.135175;2.758969;,
  -9.371906;2.510096;0.484015;,
  -9.338270;0.425255;2.544386;,
  -11.478746;0.576035;3.383353;,
  -9.447060;2.968474;0.878173;,
  -9.431569;1.108509;3.222975;,
  -11.410402;1.842753;3.667630;,
  -9.242578;4.832995;2.452239;,
  -9.520305;2.955996;3.547919;,
  -11.324091;3.160750;5.075343;,
  -9.421157;4.965998;5.068888;,
  -11.108348;4.075594;6.350764;,
  -9.020390;5.583682;6.406449;,
  -10.780424;4.717310;7.927735;,
  -8.679702;7.796763;6.287138;,
  -9.025989;5.903555;8.367280;,
  -10.782463;5.092856;9.335033;,
  -8.857802;8.473802;8.106791;,
  -9.251558;10.636438;7.188343;,
  -9.139438;6.293433;9.774590;,
  -8.861681;9.198790;9.276265;,
  -10.038474;11.374224;8.224248;,
  -11.017675;7.041770;10.738498;,
  -11.753382;7.013243;10.682919;,
  -11.781525;8.248946;10.730674;,
  -10.354618;8.223570;10.655688;,
  -10.681621;9.744894;10.270166;,
  -11.629122;9.693537;10.290259;,
  -11.411758;11.243986;7.864798;,
  39.096307;66.756858;-9.780001;,
  39.330733;67.043731;-9.536762;,
  38.911546;67.480051;-10.138818;,
  38.710912;67.271027;-10.454980;,
  39.054813;67.928736;-10.581838;,
  37.981357;66.702912;-11.232439;,
  38.833984;67.924960;-11.121290;,
  38.040157;67.332384;-11.641478;,
  37.362486;66.959949;-12.976056;,
  39.117248;68.747840;-10.835014;,
  37.658387;67.816781;-13.360053;,
  37.529827;67.282022;-14.785376;,
  38.220314;68.006515;-12.088082;,
  39.117600;68.584275;-11.578586;,
  39.846182;68.542234;-11.258956;,
  39.712707;68.835443;-10.641229;,
  38.741878;68.594330;-12.619697;,
  40.283418;68.488627;-11.976210;,
  40.780906;68.329587;-11.099210;,
  40.494048;68.754310;-10.228066;,
  40.038192;68.580294;-13.009429;,
  41.768502;67.823776;-9.476513;,
  41.292326;68.103846;-9.026889;,
  41.316662;67.579206;-8.446715;,
  41.203923;67.756429;-12.642373;,
  41.911568;67.629971;-11.483777;,
  41.669312;67.286682;-8.401098;,
  42.604157;67.082893;-9.715439;,
  40.934938;66.813037;-7.596728;,
  40.625718;67.179194;-7.863478;,
  39.916006;66.575789;-7.941186;,
  42.581360;66.838157;-9.104968;,
  42.385949;66.360435;-8.155402;,
  39.902870;66.143514;-7.865186;,
  43.432934;66.334630;-9.877885;,
  39.608032;66.215053;-8.694769;,
  39.704806;66.797434;-8.936005;,
  39.330733;67.043731;-9.536762;,
  39.096307;66.756858;-9.780001;,
  41.377885;65.686746;-7.100707;,
  39.768867;65.691571;-9.049025;,
  40.315696;65.312826;-7.558202;,
  39.583088;65.985152;-9.468893;,
  40.881408;64.426573;-7.818551;,
  38.165389;66.105683;-10.949124;,
  37.981357;66.702912;-11.232439;,
  40.227158;64.894752;-9.377061;,
  39.913354;65.159789;-10.047133;,
  40.910125;64.201382;-9.506305;,
  42.186339;64.609965;-7.329538;,
  41.640106;63.639821;-8.248323;,
  43.191411;65.376742;-8.050386;,
  42.835181;63.858918;-7.577614;,
  42.373197;62.575750;-8.506142;,
  43.439856;65.889971;-8.897770;,
  43.776733;64.306688;-7.846202;,
  44.287299;64.808179;-8.625703;,
  44.297088;65.532832;-9.942733;,
  43.450352;62.603430;-7.537910;,
  44.971782;64.059718;-8.450561;,
  44.534010;63.096512;-7.628774;,
  42.815696;61.186074;-8.906312;,
  45.024224;64.950349;-10.063023;,
  43.567923;66.255027;-12.234984;,
  42.751526;66.876154;-11.816622;,
  42.003334;66.796704;-12.586810;,
  42.885002;65.984992;-13.048674;,
  41.038685;66.586272;-13.155509;,
  41.502029;66.207648;-13.174840;,
  42.279974;65.593018;-13.572187;,
  43.107558;65.045312;-14.075954;,
  40.742666;67.865203;-13.488693;,
  40.380624;66.673690;-13.555424;,
  40.157517;66.746394;-13.801718;,
  43.638253;65.594515;-13.624370;,
  43.907286;64.370893;-14.634203;,
  40.460298;67.903520;-13.961827;,
  39.632499;66.715027;-14.983112;,
  44.612573;64.995987;-14.336933;,
  44.898416;63.808954;-14.992358;,
  44.304176;65.881587;-12.677359;,
  45.967117;64.729139;-14.785613;,
  46.244538;63.605530;-15.124962;,
  45.391450;65.408723;-13.496173;,
  46.849306;64.038592;-15.002478;,
  47.648307;62.702560;-15.578910;,
  46.514221;64.948602;-13.858046;,
  45.598602;64.813894;-12.391726;,
  48.349549;63.148397;-15.514541;,
  48.821187;61.991526;-16.016518;,
  47.488038;64.086560;-14.211933;,
  46.943322;63.766438;-12.613685;,
  45.839325;64.460173;-11.327120;,
  49.643622;62.141069;-16.120482;,
  49.309485;61.574573;-16.177632;,
  46.122406;64.319968;-10.326621;,
  50.754163;60.934496;-16.567314;,
  50.204384;60.650893;-16.562725;,
  50.969178;59.878278;-16.985138;,
  47.176640;63.554490;-11.761491;,
  45.967728;63.627469;-9.570591;,
  47.354112;63.640326;-10.375804;,
  45.900374;63.209907;-8.868873;,
  46.963283;62.587981;-9.630978;,
  45.816208;63.125414;-8.219866;,
  46.755027;62.282803;-9.119624;,
  47.891248;62.854067;-10.718548;,
  46.488525;61.619424;-9.816023;,
  47.398627;62.114688;-10.041428;,
  46.373811;61.463686;-9.679850;,
  46.718710;61.446733;-10.072017;,
  48.374867;60.302125;-10.481790;,
  47.010698;61.427770;-9.047522;,
  46.627757;61.223046;-9.577417;,
  48.970582;60.796147;-10.495694;,
  50.051459;58.977850;-10.709122;,
  48.070266;60.032883;-8.861905;,
  47.665302;59.824339;-9.375886;,
  46.833466;61.933299;-8.061985;,
  47.175789;61.394112;-8.113300;,
  49.250118;58.873158;-8.696328;,
  49.071914;58.338605;-9.121406;,
  45.053498;62.502182;-7.589582;,
  46.013917;61.157907;-7.421438;,
  43.991712;61.608941;-7.441726;,
  48.224010;59.990349;-8.069512;,
  46.549606;60.673568;-7.517809;,
  44.600282;60.493837;-7.473557;,
  49.475059;58.766707;-7.758182;,
  45.361619;59.921478;-7.641965;,
  44.067552;60.300198;-9.194015;,
  44.830925;60.010925;-8.788023;,
  47.722733;59.427571;-7.520758;,
  46.740662;58.893920;-7.633487;,
  46.296243;59.005485;-8.621400;,
  48.011862;57.848589;-7.486810;,
  47.547130;58.015206;-8.553163;,
  45.696266;60.738304;-9.734082;,
  49.019126;57.989133;-7.274836;,
  47.003443;59.538522;-9.407741;,
  45.278838;60.973197;-9.903086;,
  46.627757;61.223046;-9.577417;,
  46.373811;61.463686;-9.679850;,
  47.665302;59.824339;-9.375886;,
  48.159245;58.435411;-9.167934;,
  49.071914;58.338605;-9.121406;,
  48.227539;57.299859;-8.257426;,
  48.717418;57.818003;-9.088301;,
  49.354672;56.994547;-8.985162;,
  49.907174;57.119558;-8.970117;,
  48.584218;57.209190;-7.442853;,
  48.843072;56.531418;-8.289060;,
  50.251667;55.839456;-8.703288;,
  50.865869;55.792269;-8.754129;,
  49.628717;55.493978;-8.231151;,
  49.235050;56.376813;-7.396122;,
  50.391168;55.410170;-8.718419;,
  50.822250;54.408678;-8.546069;,
  51.688240;54.708192;-8.577990;,
  49.958762;55.043181;-7.983659;,
  49.988768;55.373549;-7.355214;,
  50.008723;56.808698;-7.299595;,
  50.219846;55.041459;-7.322513;,
  50.298371;54.193843;-7.862386;,
  50.856170;55.437043;-7.143950;,
  50.699562;54.082086;-7.163833;,
  51.431754;53.268790;-7.624354;,
  51.637674;53.393837;-8.145939;,
  52.211738;53.559120;-8.302821;,
  51.939622;53.336579;-8.144749;,
  52.252918;53.475411;-8.163109;,
  51.934662;53.187523;-7.470733;,
  51.674867;53.257562;-7.367962;,
  51.593568;54.396346;-7.043373;,
  52.184288;53.363120;-7.306166;,
  51.934662;53.187523;-7.470733;,
  52.235344;53.299843;-7.443505;,
  51.939622;53.336579;-8.144749;,
  52.252918;53.475411;-8.163109;,
  52.526307;53.561021;-7.549910;,
  52.402765;53.613373;-8.088753;,
  52.211738;53.559120;-8.302821;,
  51.688240;54.708192;-8.577990;,
  52.030541;54.646477;-7.420068;,
  51.886058;54.771789;-8.227536;,
  51.603827;55.661248;-7.496504;,
  51.388112;55.773184;-8.326487;,
  50.865869;55.792269;-8.754129;,
  51.501827;55.864282;-7.530760;,
  51.383488;56.017075;-7.527450;,
  51.278026;55.970624;-8.353045;,
  51.163062;56.124422;-8.371675;,
  50.509142;57.156570;-7.672787;,
  50.275981;57.275277;-8.541732;,
  49.907174;57.119558;-8.970117;,
  49.964931;58.098310;-7.708502;,
  49.743539;58.202752;-8.608353;,
  49.713894;58.434656;-7.720365;,
  49.491219;58.538733;-8.646230;,
  37.491958;67.109274;-18.120707;,
  37.574218;66.566458;-19.585906;,
  37.485926;66.299629;-19.245205;,
  37.371110;66.713709;-17.846986;,
  37.652112;66.029517;-18.909085;,
  37.417754;67.599014;-16.808304;,
  37.555040;66.325690;-17.579170;,
  38.041040;65.748947;-18.618462;,
  37.267498;67.090074;-16.593392;,
  37.529827;67.282022;-14.785376;,
